46,2217,3.557182
62,8,3.480422
25,4268,3.191077
54,5770,3.724511
0,2947,2.963923
62,9301,3.615828
37,1379,2.886076
5,4435,4.378289
41,4886,3.810753
10,1917,2.924459
33,6659,2.468413
23,3337,3.761577
3,1857,3.157367
28,396,2.609797
19,733,3.842655
75,5883,3.104576
14,4038,1.868342
12,7132,2.710056
77,2326,3.661892
14,6131,1.802705
83,3675,3.925234
7,2367,3.948298
62,3423,3.424645
36,11218,3.560047
36,3606,2.540830
14,4349,1.768653
3,2371,3.177110
32,3683,3.723229
28,2370,2.370748
23,1574,3.430373
37,2565,2.538811
11,1094,2.893189
31,1198,2.745001
57,7256,3.217280
19,6129,3.803002
19,3524,3.866500
7,13462,3.800000
9,963,2.611183
74,974,3.663100
3,7666,3.106610
67,7139,3.628952
62,2302,3.454928
3,3587,2.964731
45,6544,3.711576
40,5918,3.146426
81,1890,2.725637
14,54,1.771647
14,8986,1.916088
4,8966,2.775990
19,8447,3.986484
21,6395,3.283200
3,8021,3.283601
13,809,3.566975
35,9180,3.187733
26,849,4.152141
69,5527,3.255817
81,1599,3.044924
15,2198,2.674440
33,1901,2.413749
13,7319,3.466897
22,2945,3.702929
68,4390,3.856548
25,5688,3.194772
3,2749,3.082227
81,7489,2.791788
4,1329,2.809837
66,6252,3.430466
16,8745,3.501606
39,1591,3.588617
4,1227,3.164858
40,2599,2.637102
75,5535,2.968456
57,4510,3.691476
16,3,3.771875
3,7001,3.122347
59,1094,3.822389
40,556,3.046931
87,1198,2.829504
57,2021,3.505139
82,8628,3.356463
40,3377,3.349331
36,6586,3.715686
34,559,2.777162
25,1824,3.448917
63,6,4.349874
7,12301,3.873658
0,3428,2.814852
48,10618,3.273749
19,10223,3.773994
65,910,3.285178
7,6198,3.888624
32,150,3.502182
7,3100,3.949319
39,3177,3.099590
40,2376,3.446709
55,9746,2.834181
87,1510,2.909891
33,8711,2.329009
14,2759,1.772626
81,290,3.316310
57,7577,3.689054
76,997,3.551609
11,7319,2.558022
77,174,3.594559
28,2628,3.026430
25,2592,2.663498
81,11014,3.195708
38,3561,3.219373
6,1049,3.139259
17,1909,3.708850
10,101,3.324064
28,124,2.571492
17,1187,3.629035
9,2820,2.456697
14,2279,2.111589
16,8350,3.038739
48,5548,3.391248
21,2526,3.263108
66,1745,3.536620
4,4575,3.148733
16,3244,3.765579
61,1173,3.390923
16,10351,3.784956
87,1856,3.207414
62,3421,4.076269
62,7295,3.353808
62,2414,3.694847
59,1508,3.704699
50,115,4.356845
82,7803,3.270308
76,2345,2.906115
40,1742,3.304032
57,5252,3.734781
19,905,3.770689
43,1008,3.628350
46,2833,3.040830
41,6208,3.512058
61,3556,2.744716
64,11272,2.430308
5,1509,4.567576
14,1705,1.805274
7,1890,3.685895
16,10506,3.501347
4,3130,2.807832
25,10047,3.859594
19,625,3.907280
82,6450,4.099967
33,3087,2.458320
77,1439,3.451028
57,4691,3.330722
70,11205,3.271406
17,2435,3.543702
4,3203,2.937174
6,262,3.338601
9,3052,2.632457
41,4807,3.003204
42,9557,2.877504
27,10285,3.290368
31,2325,3.071469
77,2526,3.720811
6,2490,3.190305
40,7479,3.065835
35,3039,2.538680
48,11785,3.383590
40,1163,3.756135
41,155,3.525700
7,8917,3.988342
42,4496,2.600248
2,1543,3.560685
48,11520,3.496682
81,6665,3.597859
41,2481,3.333197
47,10994,3.583396
43,8347,3.292667
10,5755,2.912901
67,4397,3.576933
79,8246,3.890484
7,7536,3.846888
30,1468,2.831369
14,6947,1.791980
25,1911,2.620317
36,2951,3.022681
12,4417,3.272229
87,2817,3.413942
31,9438,3.295359
30,6915,2.845960
3,12700,3.313783
12,7473,3.404660
36,4476,2.710059
5,5358,4.480434
25,1415,3.197786
2,5689,4.024811
34,8222,2.703865
87,764,3.107785
7,465,3.964959
14,7032,1.814473
1,244,2.707428
14,11967,1.925833
9,3632,3.334004
3,6340,3.011902
46,3485,3.248777
15,2682,3.114151
55,8265,2.695763
40,12197,3.553926
77,127,4.008412
57,9767,3.349886
41,1498,3.663214
10,6612,3.856657
18,525,3.675383
55,4622,3.256369
11,7438,2.465491
48,7374,3.242397
57,7798,3.406716
58,3580,4.072150
87,2570,2.801001
59,3045,3.340359
61,2811,3.170411
3,5253,3.259199
48,10316,3.638553
27,644,2.906692
30,6527,3.327708
81,11271,3.757824
41,2200,3.664506
15,1640,2.581587
7,3401,3.891061
87,1068,2.859141
69,1538,3.090635
35,5529,2.616847
67,1098,3.412161
47,5017,3.999335
4,2678,2.924240
55,1586,3.681522
11,8452,2.557913
38,886,3.886214
28,1148,2.739174
55,7124,2.993238
63,3421,4.588691
45,8073,3.589680
17,1526,3.822087
21,1598,3.323218
53,1993,3.997573
66,9453,3.359813
60,1229,2.634673
42,2060,3.071808
46,8670,3.230319
29,16,3.850019
4,9275,3.052375
63,3314,4.578156
59,12983,3.199256
4,2124,3.059821
14,7899,1.815732
24,6138,3.263605
40,8187,3.180731
7,2857,3.782911
39,998,3.377841
29,3241,4.167682
37,1612,2.789726
33,3434,2.372014
15,1273,2.834424
77,1212,4.099164
48,1364,2.899682
36,195,2.485144
73,4851,2.964509
30,10351,3.740659
87,2789,2.972269
42,9314,2.718001
36,3933,3.107517
77,2628,3.856268
4,7920,3.032647
55,10047,3.648558
5,1089,4.403011
34,5629,2.704864
37,6285,2.621297
1,1,2.904689
7,1797,3.929965
54,6155,3.273129
67,1174,2.721777
66,4564,3.030250
77,3533,3.694347
46,1550,3.595005
35,2860,3.101119
48,2970,3.756762
60,3669,2.735257
46,505,3.103698
30,4338,3.180802
4,170,3.284348
12,12167,2.673856
14,1005,1.931665
73,7899,3.320701
31,6155,2.574889
5,3249,4.446129
87,2118,3.204001
85,1622,3.040638
19,4712,3.834608
27,6829,3.254265
41,10301,3.269354
82,191,3.739337
36,313,3.181166
61,2272,2.986836
62,111,3.029253
14,6699,1.994437
66,2450,3.466145
24,2188,3.793797
11,1372,2.308202
41,12721,3.224482
35,4490,2.683518
53,2721,3.624134
14,9987,1.704887
33,773,2.109186
12,8330,2.925946
7,420,4.025165
5,2040,4.371680
35,7356,2.573303
45,5792,3.820835
81,11667,3.462065
60,4564,2.658399
14,3329,2.881178
39,451,2.624374
12,2540,2.793185
75,2376,3.463015
36,4627,3.765352
12,10999,3.286436
16,6252,3.573988
28,2928,2.379086
40,7225,3.063464
39,5535,2.812097
42,5844,3.253944
81,5811,3.140484
22,1600,3.513041
22,3253,3.233278
36,6948,2.675210
14,4922,1.859762
7,2077,4.009668
7,7618,3.875816
16,3314,4.023695
7,3141,3.756179
31,824,2.743141
7,1163,4.234539
22,1547,3.355389
46,1440,3.520764
46,6702,3.735600
7,1278,3.847883
52,1532,3.079852
57,2865,3.706504
6,9866,3.544669
7,3253,3.927135
64,1684,2.420339
77,2918,3.807225
5,2827,4.203162
57,9222,3.572193
9,3621,2.664154
40,7483,3.264110
62,5161,3.482093
7,3087,3.974468
15,5975,2.910290
12,9692,2.892411
77,1967,3.860100
46,3806,3.292102
66,4435,3.062567
57,10812,3.686539
81,5561,3.304340
3,6965,3.278456
12,7026,3.173521
46,2542,3.238075
46,7469,3.545507
79,10351,4.028376
40,101,3.473565
41,2990,3.129988
14,2711,1.781286
47,4627,4.055309
59,3466,3.864259
48,4903,3.275849
64,7312,3.297051
39,1235,3.577110
36,2346,3.437902
40,421,3.355963
64,3572,2.827483
41,2968,3.074282
11,4964,2.852269
56,6822,3.161954
32,3304,3.584415
5,2772,4.465000
41,7855,3.341380
5,3251,4.242360
37,970,3.099425
13,588,3.624881
21,9956,2.929701
52,718,3.125234
7,3478,4.146691
15,1121,2.422183
87,427,3.517276
40,5638,3.626452
41,6252,3.492894
3,5755,2.891136
79,225,3.818823
27,6062,3.004468
14,5105,1.894315
72,8494,3.638876
25,4831,3.661091
64,6925,2.631642
63,6618,4.232258
7,1678,4.098484
42,1875,3.605524
30,1236,3.507356
7,2167,3.257667
5,3133,4.563360
73,2300,2.628653
41,4588,3.331650
4,4309,2.983195
5,8548,4.432719
7,10737,3.809759
9,1208,3.562218
33,1137,2.374732
55,4744,3.238642
42,5358,2.997693
14,9229,1.947012
3,9253,3.369738
9,2538,2.295011
40,9592,3.426688
22,2538,2.420839
55,8383,3.145086
57,10314,3.698945
4,3580,3.765079
45,2527,3.873066
14,4725,1.754930
66,1703,3.355114
9,1949,2.578514
81,1925,3.541419
7,995,4.255407
27,7103,3.266212
33,6704,3.267112
79,3447,3.994598
81,3033,3.386396
58,1353,3.517317
5,2624,4.318580
9,124,2.648755
22,3663,4.027160
14,7494,1.773894
58,2152,3.662470
3,921,3.760143
12,3675,3.075519
25,6135,2.779498
46,6710,3.189624
80,1902,3.140934
57,1973,3.025958
55,5001,2.977667
75,110,2.856112
38,1403,2.541633
6,475,2.787763
45,2675,3.731732
87,392,3.081461
53,9763,3.852598
84,2610,3.213146
68,4423,4.343111
60,3518,2.693237
72,6892,3.512405
37,4199,2.929173
40,2128,3.334405
14,1797,1.840835
40,7117,3.075753
75,785,2.688077
62,228,3.263757
81,11770,3.138505
85,934,3.443880
42,2098,2.573915
46,894,3.638608
19,1407,3.919888
3,6374,2.807366
27,6138,3.118830
35,1604,2.617679
9,554,2.889102
28,2987,2.719550
33,3021,2.684213
27,2399,3.010003
82,2239,3.934814
14,2685,1.891087
4,2359,2.644800
85,4579,3.566644
58,2585,3.157620
5,6282,4.422237
45,6919,3.863402
66,226,2.841120
52,1353,3.260949
81,935,3.175127
48,9692,3.224946
62,6477,3.784693
14,571,1.930959
25,2691,2.907674
37,10456,2.690001
42,7593,3.097261
37,230,2.736773
46,2406,3.701535
15,3871,2.685617
28,3607,2.481299
15,1850,2.977470
53,3615,3.787075
60,753,2.624084
66,1439,2.912966
13,1454,3.871564
12,9180,3.540261
3,857,3.170322
40,6047,3.747796
25,4097,2.866275
24,1173,3.616712
37,3255,2.897380
83,5535,3.617258
25,4496,2.790013
73,3015,4.043275
3,805,3.106340
7,5689,4.323019
3,6118,3.257223
62,664,3.856823
75,9106,3.457092
66,2532,3.774806
23,9760,3.735112
85,5310,2.951678
0,7709,2.562729
87,2823,3.093703
40,6391,3.282139
9,5625,2.811531
28,1240,2.490628
14,2518,1.699311
4,9,2.726187
11,13,2.327679
14,9861,1.794232
21,6586,3.977670
35,6501,2.451921
77,2538,2.894004
23,3208,3.325683
28,8,2.906341
75,2177,2.714196
13,140,3.402363
46,1800,3.137718
7,5662,3.873053
50,2846,3.866293
48,11559,3.334831
24,1743,3.777943
42,2378,2.792425
48,7201,3.291466
38,1901,2.961882
57,1335,3.409214
75,291,3.252669
5,2158,4.497262
85,1116,3.308099
7,3384,3.860769
85,11117,3.712714
9,101,3.170101
7,2395,3.763241
14,8485,1.926485
14,1390,1.866652
28,2782,2.849325
41,5643,3.877059
9,1084,2.882291
8,2526,3.465574
4,1532,2.905068
63,1787,4.215375
73,477,2.774308
42,805,2.793856
67,1380,3.663138
84,6144,3.234753
25,4423,3.944338
59,2827,2.919605
28,2060,2.995362
46,8384,3.588035
15,681,2.744156
81,3181,3.294916
85,150,3.462115
9,1752,2.617465
77,2414,3.955467
4,9992,2.827795
46,2836,3.336245
38,970,3.256543
5,9260,4.454744
77,396,3.615690
41,1801,3.623122
62,1705,3.310949
70,5722,3.188440
36,5614,2.860757
4,5663,2.877545
46,3243,2.886912
72,150,3.779861
40,6667,3.640539
66,2765,2.759957
15,6196,2.606966
28,2905,2.848339
40,8580,3.622141
28,2890,2.719220
57,9109,3.455187
40,11739,3.550799
48,5689,3.879880
77,3672,3.580446
14,1285,2.099672
7,6393,3.894688
40,3370,3.052345
46,484,3.728458
14,4871,1.890883
42,8279,2.890880
12,282,2.593380
46,1676,3.200489
13,477,2.922060
79,2074,3.382362
53,4888,3.813503
40,10630,3.194037
41,2065,3.775411
41,3422,3.738768
46,2208,3.464439
17,2394,3.989978
5,9836,4.407224
27,451,2.548820
77,358,3.788401
5,2333,4.738457
18,4373,3.060892
41,2965,3.568677
48,6511,3.392746
28,1009,2.547796
7,1615,4.048165
25,2643,2.978234
39,3469,3.308094
66,10526,3.011153
17,921,4.092859
18,4766,3.313824
7,1928,3.991224
48,9775,3.839774
46,2863,3.531711
4,282,2.732508
60,2991,3.322842
5,1216,4.391373
29,3700,4.004137
78,6,3.310038
48,7937,3.281631
75,5587,3.669200
9,3072,2.851183
62,8704,3.639268
4,1518,3.123790
55,803,2.591253
11,1665,3.066431
48,4519,3.726326
53,2725,3.653483
22,8638,3.916616
19,2956,3.933688
7,195,3.806159
58,3004,3.643998
7,3070,3.720163
38,7377,3.037431
33,2719,2.387395
66,1489,2.846011
28,1067,3.341505
48,8212,2.915959
15,4423,3.516189
55,497,2.811140
58,3653,3.310953
72,6537,3.800948
72,442,4.122426
65,3174,3.297376
29,2875,3.372370
54,4899,3.875588
60,7621,2.737769
7,6309,4.045410
55,2790,3.064206
15,3243,2.500560
21,6527,3.265590
73,12340,2.968635
42,7445,2.824731
57,10791,3.600498
63,6450,4.521435
9,2100,2.851919
15,2025,2.653448
3,2637,2.925986
87,3197,2.869876
27,4729,3.579651
37,899,2.650898
87,2177,2.597263
28,3332,3.396645
7,2792,4.180021
14,1939,2.131036
78,7571,3.434177
9,1586,3.650515
39,1316,3.655055
5,4423,4.691876
15,1507,2.805918
61,1700,2.627963
3,2886,4.087412
48,2907,3.571714
27,5017,3.691022
53,1796,3.557321
46,1771,3.378530
10,6813,3.719738
3,5718,2.960152
8,2110,3.701390
18,1825,2.818510
40,7338,3.058581
9,505,2.646957
71,1700,3.818766
16,2192,3.194257
63,3173,4.492332
31,3684,2.655354
60,1488,3.087464
15,1231,2.826331
10,6667,3.488538
68,2760,4.328149
19,7717,4.208732
66,9762,3.104852
42,7046,2.872714
39,3290,3.008026
45,4899,3.952386
9,2151,3.159368
7,6586,4.395578
35,9412,2.572646
2,6222,3.695506
11,1331,2.507955
9,3581,3.846076
28,316,2.362522
42,3466,3.522342
57,985,3.503109
14,5845,1.889950
14,285,2.050990
77,944,3.619992
27,1658,3.111089
17,2660,4.058762
64,89,2.644739
85,2659,3.209324
33,1814,2.306616
17,895,3.465496
36,11258,2.697390
33,398,2.351438
5,1855,4.444818
87,3130,2.764562
46,2750,3.520754
7,4283,3.801625
85,903,3.346282
7,9402,3.734019
59,3052,3.158062
87,2362,3.061236
7,6072,3.810408
12,3194,3.167378
62,1399,3.484940
4,2416,3.378169
41,3194,3.431481
65,4977,3.462882
36,7326,2.914817
67,2384,3.593420
78,7083,2.949433
42,10079,2.779334
42,8873,2.508058
25,2169,3.094091
46,2743,3.403073
21,65,3.180727
33,3605,2.415479
39,3181,3.313867
0,7489,2.471912
21,3241,3.931449
42,1346,2.574746
31,8269,2.818451
5,625,4.492914
48,12446,3.165593
59,2856,3.557600
11,10293,2.400273
56,8521,2.566014
37,5698,2.603259
76,393,3.028577
84,5755,2.955663
8,2138,3.854679
14,1882,1.868168
15,2504,2.572921
33,2571,2.899080
28,3248,3.283582
72,6032,3.622309
30,7022,2.700696
25,661,3.022141
87,1741,3.023076
64,4236,2.524525
28,2856,3.045989
12,9494,3.488349
45,4467,3.965287
41,11559,3.289943
36,3330,3.018070
42,1531,2.655592
22,2610,3.145990
14,8966,1.745921
55,11739,3.257135
42,73,2.567026
37,1976,2.589145
47,8559,3.777432
0,2065,3.394779
5,3242,4.557210
57,7180,3.690323
80,10468,3.702145
28,115,3.810107
7,4888,4.131968
55,679,2.870982
19,12640,3.732533
55,6306,3.270189
7,2021,3.926310
27,1037,2.653779
57,6138,3.662742
17,8187,3.684284
19,1697,4.188692
7,8685,3.969249
55,263,3.683443
10,226,2.817400
7,7816,4.002538
33,1094,3.021723
14,9440,1.903048
63,186,4.069753
77,1243,3.400501
21,3436,3.832912
40,6648,3.127655
48,2775,3.028817
32,1575,3.790646
70,683,3.039757
46,3635,3.628587
33,3374,2.330250
22,10423,3.445507
59,12741,3.327981
37,3089,2.637266
40,2185,3.201380
77,2062,3.790552
39,2934,3.429145
55,1307,2.922030
36,2534,2.635817
46,5913,3.467831
4,2837,3.050983
18,6813,3.678748
62,3313,3.808690
37,6194,2.960134
20,3095,3.832723
16,505,3.087642
43,11205,3.551305
56,436,2.611320
65,1911,2.835546
63,1055,4.085351
3,642,3.435965
83,8546,3.763140
14,6925,1.837037
6,2384,3.279569
16,2760,3.951569
36,4784,2.416913
33,1377,2.537931
18,7412,3.016508
37,2104,2.721758
57,1784,3.602991
11,4784,2.294324
51,2798,3.205274
9,3061,2.863608
40,4577,3.522715
57,5975,3.608488
27,8270,3.248144
41,12355,3.170212
67,2609,3.444756
42,2716,3.361839
38,5199,2.853727
58,3382,3.623536
62,1098,3.353673
54,570,3.357110
75,2333,4.129978
57,2177,3.024266
57,2549,3.155151
38,1098,2.873919
18,3404,3.340716
61,11153,2.886868
82,6998,3.500808
87,1401,2.681100
10,3542,3.428561
15,2319,2.568523
59,676,3.303125
59,3599,3.306268
60,5689,3.660415
75,4584,3.389548
56,7056,2.777341
54,949,4.134184
5,9783,4.411397
87,1293,3.238214
52,5358,3.324691
15,3591,2.877220
15,2905,2.797906
16,6293,3.265796
85,3933,3.660839
60,1603,2.880537
55,10527,3.122016
59,1305,3.605057
14,171,1.780799
69,8212,3.088845
17,899,3.634483
28,828,2.764054
2,3231,3.680622
37,204,3.119576
3,1616,3.160728
42,3745,2.639373
57,11166,3.736769
29,2368,3.746492
14,8840,1.747617
57,6822,3.747384
57,11593,3.369773
2,10994,3.722797
22,144,2.800252
19,5951,3.906903
7,11260,4.068731
55,13000,2.863159
3,1049,3.185209
73,7319,3.433703
5,3189,4.291869
87,1849,3.268639
23,6516,3.812618
12,3015,3.748214
45,6016,3.583200
25,4576,3.635424
82,7429,3.658167
15,693,2.659964
7,2942,3.885643
41,8903,3.293106
74,3321,3.555535
12,3651,3.205097
46,1238,3.388871
9,2961,2.840496
47,1983,3.779875
13,1067,3.746808
6,1809,3.091930
55,3244,3.498069
41,7411,3.282641
12,6703,3.023365
20,6501,2.982251
9,1055,2.668158
64,1493,2.734670
45,6800,3.858820
4,1206,3.526290
7,823,3.758048
36,1275,3.376394
22,2523,3.350758
59,2060,3.559233
45,7201,3.675153
15,431,2.759244
80,1487,3.036460
31,6715,3.118227
7,389,3.622701
22,4137,3.263734
87,2365,2.962435
46,3453,3.361321
65,9775,3.843899
16,3027,3.455488
50,995,4.181756
6,6966,2.756910
56,2384,2.836041
13,2796,3.546494
6,7265,3.178580
67,7489,3.250057
27,8119,2.875978
67,6413,3.833261
86,6318,3.678961
59,1697,3.899113
28,2190,2.800074
33,9,2.205316
27,470,2.593507
81,6702,3.607839
40,2095,3.425696
85,5166,3.453719
15,2820,2.481059
4,3619,3.471812
87,59,3.341182
39,1127,2.832134
10,3487,2.831423
16,1628,3.405478
87,425,2.790785
55,1703,3.113518
3,2361,3.001088
5,170,4.552418
39,368,3.361974
39,111,2.731807
46,5002,3.783910
87,2731,2.626390
41,2124,3.296326
18,5265,3.160301
2,4729,4.020189
57,4729,3.989238
7,4784,3.542744
57,9621,3.686384
62,6196,3.176337
73,7973,3.442893
41,6537,3.391880
3,4012,3.095529
9,282,2.576952
7,3167,4.106120
3,2328,2.978188
19,4019,3.951313
39,418,3.240480
5,5409,4.352464
77,2189,3.646914
7,1787,3.929653
33,2692,2.829630
59,4800,3.602877
0,4964,3.263721
41,1293,3.523969
38,1396,2.781762
14,3376,2.032257
33,2716,2.838353
28,2428,2.539173
14,424,1.802944
8,639,3.146922
48,4635,3.217860
7,362,4.222525
36,6682,2.872045
21,4678,3.952422
4,998,3.229034
36,3051,2.666162
53,2268,3.221112
22,1133,3.306554
60,1655,2.470265
7,2031,3.873411
7,3085,3.746964
19,1391,3.805429
62,3391,3.321611
19,9233,3.908771
84,877,2.999745
48,8138,3.104361
79,605,3.763813
7,3607,3.669370
40,2911,3.796419
43,6222,3.517068
4,7896,2.764102
5,131,4.436577
39,1601,2.777492
48,11205,3.488969
13,8521,3.124212
40,4776,3.276144
77,393,3.389349
3,8383,3.412083
38,2274,3.295149
13,3159,3.400611
40,9490,3.519088
20,6474,2.931772
6,6813,3.891531
18,6395,3.086807
30,4899,3.618639
64,7476,2.631130
6,308,3.463151
22,1623,3.941795
37,966,3.285010
63,5561,4.315947
33,2325,2.556814
33,1303,2.285379
57,2293,3.414802
70,3974,2.546291
65,1232,3.091260
19,482,4.180036
81,3376,3.499555
48,4865,3.571708
52,2797,3.716247
32,1685,3.154657
31,301,3.184530
67,1051,3.742500
64,3160,2.517901
8,3173,3.904168
4,5373,2.972330
38,2102,3.177419
58,2526,3.528293
48,2202,3.559189
61,59,3.181743
28,499,2.812788
33,563,2.401047
28,3700,3.478806
25,8601,3.192481
32,10865,3.556029
35,4977,2.808027
6,759,3.307094
40,5689,3.878297
28,1672,3.165192
10,5649,3.853798
7,7248,3.885556
77,3082,3.422576
33,6580,2.461473
87,926,2.866585
87,1333,2.700817
81,7733,3.044688
61,8050,3.096678
46,5968,3.545398
11,3576,2.275370
85,3225,3.264076
25,4921,3.364175
55,538,3.025040
32,65,3.451110
39,564,3.223612
42,5537,2.631432
14,7052,1.828690
35,3600,2.722085
62,5923,3.463551
70,6297,3.384996
55,1285,3.383265
33,13,2.235275
6,7801,3.311770
81,112,2.995082
82,285,3.885589
38,2483,3.105227
40,4723,3.387803
56,6715,3.001305
3,3343,3.739077
21,5663,2.929215
15,6848,2.698513
7,698,3.889559
10,7489,2.891133
4,3579,2.948501
53,3414,3.300697
59,914,3.894901
47,794,2.875249
19,331,3.903523
79,1598,3.760612
8,2823,3.512604
67,8873,3.082100
4,3429,2.875344
4,5183,3.396951
7,1141,3.749867
19,5583,3.951195
42,1098,2.851737
4,3397,3.711927
41,10389,3.483909
14,572,1.751936
15,2938,2.754659
14,469,1.862023
3,276,3.166968
32,2815,3.546410
27,1909,2.917121
15,3012,2.916718
7,7870,3.962336
40,282,2.837201
21,1336,3.458787
84,3662,3.045893
5,7294,4.464971
22,2577,3.038935
21,6904,3.232318
39,1943,3.410800
67,2360,3.960209
83,8347,3.787507
7,3432,4.010672
41,10305,3.568610
9,4678,3.747937
9,8423,2.920257
75,7056,3.213978
24,3397,3.829127
38,7521,2.673563
41,3391,3.040486
74,2003,3.880021
55,7812,3.089309
7,82,3.761928
7,2921,4.053572
2,11074,3.317269
42,5643,3.632476
82,5017,4.163447
29,5402,3.618479
14,8850,1.930795
22,254,2.951370
82,2969,3.631141
25,4999,2.897286
41,1675,3.850448
15,3389,2.645017
41,1835,3.574603
59,2026,3.344167
59,564,3.449790
48,4427,3.015102
6,1563,3.023306
42,7389,3.174822
28,2189,2.654569
3,9538,3.136619
46,10468,3.799585
30,7120,3.623412
48,12482,3.495543
84,8392,3.189168
48,4540,3.429029
60,2620,3.381712
4,1641,2.964791
59,389,3.038169
40,4413,3.358634
75,724,3.351396
85,428,2.905218
3,11177,2.745690
45,3967,3.534162
72,477,3.240490
29,2549,3.178558
33,3216,2.448752
7,1863,3.955597
14,8039,1.945589
47,8350,2.962974
44,877,3.160694
37,7189,2.848582
57,3054,3.588933
55,9879,3.214426
81,10829,3.272616
81,11807,3.393766
55,8571,3.174020
11,7244,2.488127
3,3035,3.241346
2,9504,3.530376
5,729,4.418343
40,5427,3.393279
12,10468,3.564166
57,2040,3.378186
57,7111,3.621980
60,3500,2.995759
22,3433,3.409432
86,301,3.655960
43,3514,3.476573
33,2792,2.889298
7,9132,3.983809
12,97,3.283191
19,1431,3.928945
10,10562,3.055027
57,10878,3.917484
73,11723,3.540231
6,486,3.453432
40,914,3.788014
28,156,3.400387
7,10101,3.938307
37,2589,2.650447
55,6450,3.660853
6,191,3.341994
86,6138,3.618620
46,3372,3.619022
55,9822,2.604199
6,5873,3.242714
59,899,3.274628
70,1857,2.949735
5,266,4.415266
46,5396,3.457037
58,4155,3.606718
87,2421,2.762370
5,8222,4.422745
74,3050,3.610281
44,9763,3.728865
19,8500,3.852792
41,4863,3.330924
22,362,3.686628
41,6105,3.272894
57,8553,3.409319
37,8452,2.860060
6,1313,2.927490
10,2537,2.737062
3,2685,3.311659
15,737,2.853030
61,2824,2.813611
43,852,3.306789
70,9760,3.086391
40,100,3.071697
9,2353,3.403759
25,6428,3.120813
41,196,3.377386
14,2946,1.776013
14,908,1.911149
9,175,2.839317
36,2659,2.618989
14,7796,1.750891
59,6622,3.125223
19,5688,3.863188
37,2801,3.064885
42,7980,2.902568
58,1305,3.641064
3,2697,3.150950
75,30,3.721618
3,7374,3.216170
4,2325,3.235988
16,2042,3.763603
41,2038,3.557802
53,2594,3.285637
87,3220,2.727520
40,276,3.224753
55,183,3.386440
42,2883,2.865629
85,2951,3.575242
41,4377,3.649328
14,6224,1.805929
36,2846,2.797861
80,949,3.912886
37,1551,3.483530
42,7674,3.004518
58,3658,3.574532
37,4805,2.985179
4,9350,2.980111
55,1340,3.499560
30,6377,3.343609
33,1526,2.465194
56,2918,2.922971
26,3173,4.375410
43,6900,3.294809
4,7033,2.686260
82,8681,4.026099
13,2571,3.789592
70,4729,3.721255
33,1434,2.688404
35,11786,3.314023
61,3478,3.198498
39,3566,2.750468
9,10586,3.151128
79,7674,3.749650
41,3033,3.457685
6,2619,2.764161
4,48,3.076880
82,885,3.980489
8,1787,3.455955
41,1665,3.806919
66,7521,2.941634
12,8525,3.250548
67,1665,3.966371
21,9352,3.165019
5,44,4.552097
85,3310,2.943042
56,410,2.831874
37,760,2.675952
46,5004,3.259885
6,1372,2.769049
4,8532,3.110165
12,8704,3.181930
3,11558,3.579293
6,538,3.260446
32,393,2.952627
25,3305,2.962584
46,1013,3.465186
28,431,2.736072
77,7103,3.917681
3,2310,2.963414
4,3683,3.341697
56,4688,2.929040
45,8413,3.781345
70,5161,3.079899
9,4608,3.431606
43,2538,2.558488
3,477,2.538368
59,3177,3.429935
87,1313,2.782003
5,3907,4.450509
1,3681,2.826042
43,4855,3.608367
32,2578,3.718401
40,1473,2.950701
5,1508,4.570784
25,1665,3.812830
13,2741,3.495100
16,2445,3.269085
38,135,3.252516
3,256,2.525256
50,6612,4.379384
3,5846,3.375680
46,1789,3.734896
17,3014,3.712565
54,2625,3.493154
80,425,2.949461
62,3014,3.404764
40,2766,3.665678
19,8661,3.564330
5,11977,4.420552
70,2638,2.799084
42,2021,2.892185
14,6584,1.792741
24,3456,2.988166
52,693,3.058186
5,2935,4.444959
31,4373,2.948684
84,7203,3.258453
42,6263,2.981716
25,2805,3.341918
45,2884,3.858056
46,225,3.571635
36,2593,2.459774
12,5797,3.096694
46,633,2.964226
13,2152,3.594487
46,6671,3.393360
40,143,3.331867
15,3175,3.259838
56,6159,2.953085
33,1038,2.292983
45,8593,4.080390
42,3304,3.124866
4,1470,2.669993
63,107,4.326387
40,2663,3.344051
84,7570,3.485976
81,3313,3.645961
59,6638,3.762486
55,8063,2.803260
28,1439,2.542421
81,339,3.406385
41,6325,3.117399
3,5239,3.104048
45,4338,3.624670
17,689,3.785240
5,9283,4.500269
62,6396,3.603288
48,12089,3.884969
0,1629,3.296322
7,2179,4.016814
59,3622,3.502441
27,8283,2.638182
14,7103,2.054176
25,4510,3.442925
13,296,3.563453
22,4774,3.294890
12,6476,3.770103
46,1515,3.498192
29,885,3.992867
5,4870,4.366199
18,5921,2.805597
8,3241,4.022259
47,6522,3.672822
47,3404,3.648538
71,6,4.051775
42,7803,2.547200
14,6537,1.927832
14,9132,1.895419
55,1785,2.930946
27,3357,2.942075
78,6396,3.256739
60,2856,3.039344
33,2618,2.415041
56,1753,2.940572
41,605,3.354322
59,7674,3.540898
27,2021,2.966453
6,3410,3.264961
18,2798,2.905669
4,9878,3.082481
19,4332,3.726796
28,1174,2.239334
81,5883,2.941360
37,8732,2.818733
25,6554,3.825352
33,2414,2.727383
4,245,2.912874
55,13417,2.975491
3,3659,3.469070
32,2211,3.761157
21,8119,3.096690
61,4968,3.512079
22,2279,3.651129
22,3310,2.840428
28,3241,3.717894
71,2758,4.143696
29,331,3.720526
48,4417,3.514728
16,2362,3.477991
6,2066,2.989742
6,8711,2.990548
52,3519,3.334878
32,144,3.010934
19,9711,3.849153
70,7417,3.076899
67,1753,3.624438
68,735,4.209048
77,2527,3.934857
33,6047,2.986321
29,673,3.332024
19,13601,3.882280
18,8496,2.944570
60,3466,3.492897
3,3689,3.328621
79,2330,3.911774
40,2362,3.389815
27,7355,2.835255
7,1489,3.708836
60,1618,2.630044
19,1743,4.247385
13,8084,3.404261
26,3238,4.146462
24,4773,4.017319
15,1150,3.128016
85,418,3.402927
9,2332,3.205807
21,3064,2.841272
57,5452,3.344522
6,1612,3.156629
33,3454,2.416680
3,3635,3.564021
14,8678,1.945797
27,423,3.204498
55,1825,2.774771
33,149,2.308442
9,985,2.915729
4,1771,3.043178
2,9402,3.310719
75,3087,3.336505
36,6527,2.847317
34,6765,2.625042
33,2894,2.176966
5,1543,4.447260
81,3273,3.181134
42,2414,3.264848
9,4784,2.524506
22,4423,3.957596
13,6699,3.654468
70,11202,3.529740
12,5123,2.953652
20,2856,3.442747
2,11453,3.841998
77,2074,3.468886
81,2540,2.976199
14,2220,1.897659
18,4377,3.372131
48,1745,3.576141
11,3015,3.196814
64,86,2.802382
15,1570,2.718938
39,1787,3.178120
36,66,2.455559
86,1364,3.104974
7,3576,3.671784
46,917,3.465627
36,6155,2.426841
32,2966,2.769341
71,2946,3.691058
77,3055,3.599882
67,5844,3.751280
46,3304,3.530284
40,1506,3.676443
12,3132,3.429335
38,2289,3.506681
40,8048,3.199602
39,6530,2.804251
40,3364,3.505010
52,11520,3.415329
1,2588,3.443208
14,3388,1.864779
18,6537,3.108646
36,1825,2.542135
33,3397,3.314571
8,2685,3.500738
87,849,3.136920
45,3061,3.593291
9,1468,2.576867
36,4452,3.201452
39,389,2.754991
5,4468,4.713050
3,1900,3.347220
41,7622,2.885386
59,639,3.146357
57,4610,3.534034
20,8270,3.535494
28,3061,2.794967
5,1544,4.502386
18,9594,3.313122
79,60,3.847202
74,6516,3.619469
28,1623,3.697659
30,2944,3.264204
39,2102,3.342632
19,2073,3.737870
45,3134,3.724806
67,2638,3.243610
15,2445,2.678931
37,7374,2.759687
42,1173,3.502617
2,12729,3.263020
7,2937,4.077192
7,1177,3.971745
66,484,3.589943
55,12118,3.294921
16,7974,3.459920
67,7385,3.659197
48,2020,3.302421
14,6868,1.786628
19,8798,3.881533
47,7203,3.332588
48,7799,3.415136
14,6129,1.875803
33,609,2.287282
37,1568,2.908754
2,4338,3.498925
60,1535,3.533629
11,2641,2.481082
41,3101,3.450332
81,7346,3.359801
60,4433,2.937334
57,1890,3.183295
82,4773,4.267158
17,2610,3.742099
41,11074,2.935883
77,432,3.593975
87,3141,2.699239
46,3367,3.248861
37,6138,3.006511
38,6816,3.133574
15,1531,2.642319
55,9398,3.102863
14,4576,2.140700
30,6800,3.500470
19,6480,3.833555
61,1535,3.412542
31,263,3.653494
35,955,2.682029
14,1731,1.859919
19,200,4.050050
45,8654,3.891419
14,1813,1.860660
16,7511,3.811502
45,13676,3.639656
66,9937,2.999693
55,2968,2.818500
35,1841,2.714108
25,1173,3.739079
10,2451,2.892235
64,10983,2.790987
40,2928,2.674284
32,610,3.075843
35,5184,2.512546
57,434,3.684578
20,6978,3.744268
36,5844,3.082183
12,6704,3.699919
35,6017,2.533515
41,3117,2.971793
15,2628,2.917478
87,2395,2.718100
48,556,3.035053
30,1825,2.958530
70,8373,3.144287
19,79,3.723725
38,4491,2.881434
32,1208,3.951288
60,589,3.025607
40,9571,2.753669
59,291,3.418812
60,3173,3.555385
14,1208,2.295166
14,3390,2.358882
20,8482,3.410818
6,2630,3.049066
22,3543,3.773760
3,4301,2.883402
7,3645,4.167124
78,3487,2.665557
60,1293,3.166258
6,9803,3.210528
42,1911,2.556063
86,4234,3.473498
3,3632,3.668309
48,6253,3.420096
63,225,4.338921
7,7866,4.127614
46,262,3.480082
45,10403,3.702078
3,4791,3.264955
9,5975,3.021483
41,9962,3.669503
52,2660,3.585169
14,667,1.695795
0,1080,2.643507
22,11705,3.467038
6,2287,3.157262
3,715,2.985407
9,970,3.169769
0,4865,3.013083
7,8062,3.859208
5,2884,4.537710
14,6982,1.890510
57,8084,3.488720
67,11272,3.224114
57,683,3.498130
57,421,3.580542
64,8050,3.008783
64,6527,2.799449
14,7666,1.850055
47,2158,3.459301
46,2168,3.220413
37,609,2.579770
5,10293,4.379602
20,2065,3.756994
60,4964,3.413719
63,7666,4.192172
14,2538,1.608973
33,1000,2.254676
7,1125,4.086147
3,3967,3.078875
36,914,3.488872
7,1401,3.602323
3,7336,3.221843
62,4588,3.541269
33,1028,2.222375
7,2743,3.939159
5,5913,4.482894
47,4345,3.651319
4,3185,2.782285
15,403,2.742299
57,489,3.566883
82,3008,4.085835
14,12082,1.818794
31,9786,2.627988
5,2309,4.547783
83,2976,3.585270
35,3564,2.547249
28,3514,2.980600
3,887,2.771170
32,1752,3.029090
60,1688,2.963092
28,1311,2.674683
28,2184,2.996268
45,4576,3.992627
28,6485,2.522573
66,8677,3.292749
46,6813,3.964444
72,10051,3.615073
36,1368,2.552764
4,1251,2.826481
18,2203,2.862488
46,8813,3.068208
48,4938,3.318477
14,3861,1.860044
8,475,3.068077
3,3061,3.147629
78,1098,2.945844
15,2416,3.118129
42,9888,3.231721
46,2735,3.806968
14,8381,1.791337
3,12035,3.448911
40,10380,3.344521
33,6516,2.592339
87,2384,3.056820
44,3132,3.724423
78,7341,2.812884
54,3421,4.198969
22,2208,3.362407
7,735,4.231313
3,1931,3.308904
4,4417,3.283570
15,3653,2.619206
77,443,3.623653
66,6481,3.578068
79,849,3.785043
62,2425,3.793293
41,4831,3.692769
19,65,3.826342
35,6450,3.397801
4,3014,3.042590
4,7188,3.013871
3,4959,3.409780
60,2483,2.993979
30,2814,3.355146
43,9106,3.463542
3,8131,3.421574
79,1125,3.845873
87,2450,3.211533
73,12127,3.545545
66,1161,3.180927
42,600,3.173477
14,3507,1.874506
46,1809,3.231784
73,11294,3.392800
41,2883,3.273145
14,11356,2.008846
7,3549,3.735453
30,3428,3.421581
3,4131,3.187766
19,4779,3.997698
43,6046,3.278913
56,3251,2.437905
55,6682,3.056830
25,5144,3.196613
38,89,2.879724
33,686,2.736864
39,3561,3.402484
69,1875,3.955703
46,2492,3.642637
73,9786,2.982818
38,6252,3.221609
46,2907,3.625984
9,2065,3.537337
41,1951,3.561947
6,2106,3.223948
7,38,4.128416
77,6845,3.628611
6,7567,3.415985
14,3974,1.681201
87,1971,2.648612
40,3644,3.080160
39,48,3.202655
42,7103,3.287843
20,1163,3.731331
73,10994,3.697145
19,3635,3.988268
7,1862,3.931433
29,3105,3.859575
53,6196,3.273727
59,4888,3.698232
2,9102,3.472911
46,8831,3.448844
70,963,2.745372
36,2211,3.168195
74,1384,3.506344
52,2152,3.388762
78,6537,3.185715
38,2950,3.346455
45,1383,3.744585
21,3453,3.101314
55,4829,2.780885
42,2663,3.005071
64,577,2.958256
64,8383,2.815250
58,2659,3.432345
3,9602,3.112331
59,490,3.681347
12,6450,3.715195
37,3597,3.054372
2,267,3.489320
21,1985,3.364438
41,6580,3.226492
73,683,3.419679
59,1042,3.444355
14,7673,1.842831
54,2434,3.308726
24,396,2.747574
59,6966,3.044824
48,5072,3.815861
55,849,3.156157
12,2663,3.101627
46,3346,3.487507
67,917,3.582987
44,3,3.814748
15,4268,2.798520
28,1364,2.505648
63,5651,4.262659
77,1379,3.803200
61,2016,3.057276
63,59,4.382442
14,7801,1.889071
1,7319,3.063003
19,3428,3.934599
60,3314,3.777021
61,7385,2.968545
3,7203,3.223854
40,7565,3.356720
40,1705,3.081945
81,203,2.839310
33,3612,2.292218
43,1084,3.351791
16,2065,3.823068
15,1404,2.720890
62,1753,3.572135
40,8638,3.906272
33,1682,2.324071
30,7645,3.017895
71,3447,4.158669
60,54,2.568427
59,393,3.061918
7,2572,3.869710
14,8601,1.850892
32,1134,3.377693
9,683,2.930117
12,2324,2.918676
87,1828,2.848723
48,3524,3.385669
33,2062,2.509532
42,2925,3.208407
15,6985,2.613504
14,642,1.949364
52,4222,3.508859
28,1027,2.770431
35,1331,2.613464
7,1764,3.930239
5,2546,4.183765
40,5683,3.443523
9,6326,3.073484
55,389,2.631836
57,6481,3.818052
32,3173,3.934113
16,737,3.507489
7,8896,3.897601
17,4627,4.323569
3,431,3.087530
32,2360,3.936518
22,3332,3.733324
14,8152,1.834564
62,10468,3.835046
11,2395,2.330288
11,1646,2.562202
42,7643,2.806189
59,999,3.583566
14,7100,1.874646
12,475,2.574339
27,10033,2.786813
62,410,3.495170
14,8373,1.923579
3,2773,3.462915
70,2089,3.364678
14,7365,1.926081
63,10016,4.034217
81,4729,3.820715
33,2330,2.803375
13,226,3.152356
33,3518,2.350637
3,5406,3.441538
64,6491,2.629529
36,5663,2.591907
36,10319,3.178544
14,3537,1.810786
77,3356,3.664819
77,841,3.604011
26,3372,4.200266
16,1336,3.568102
56,2345,2.492248
45,1336,3.863715
43,3128,3.228675
66,11787,3.174560
6,2362,3.341338
57,426,3.297641
59,5457,3.615002
11,613,2.408889
87,1676,2.792387
79,151,3.730692
40,5072,3.798289
57,3203,3.414131
0,4564,2.538284
17,3397,4.251639
7,2610,3.920823
17,319,3.894741
42,2916,2.578797
71,681,3.844850
57,4963,3.968657
45,12066,3.727687
55,5520,3.068640
7,2414,4.123787
44,2333,4.105470
33,799,2.482509
21,6032,3.057085
64,7201,2.704137
55,10368,3.250718
21,115,3.997364
37,1381,2.767823
7,5559,4.056290
35,1123,2.505758
40,7336,3.255523
10,6537,3.234506
15,596,2.753886
62,1452,3.714363
9,3372,3.185963
3,437,3.049115
19,155,3.990483
39,3679,3.269133
19,2561,4.002795
75,4398,3.259311
62,6481,3.763249
55,8428,3.152314
8,2359,2.987853
19,7119,3.891274
28,1028,2.494209
82,11218,4.090477
10,2788,2.893449
24,705,2.938048
7,8532,3.984488
77,754,3.692441
7,3747,3.930132
52,1679,3.530713
85,1331,3.385969
77,3036,3.653192
14,3399,1.899770
64,9706,2.766328
46,4627,4.061842
35,5418,2.534987
7,10826,3.739876
70,12001,3.066792
2,9058,3.672309
10,5206,3.191028
17,1591,4.053262
62,4377,3.780432
37,2486,2.706057
9,2189,2.747989
5,2899,4.507723
76,2551,2.720053
64,3556,2.700440
15,2882,2.712559
22,7646,3.226987
45,7434,3.828739
38,5688,3.035263
39,2788,2.920720
64,73,2.440225
41,3591,3.356063
52,5219,2.990211
35,2232,2.521613
61,1318,3.062496
4,3225,2.990683
33,595,2.467333
40,157,3.105074
10,4387,3.231801
81,5045,3.222020
4,2820,2.599250
55,3564,2.909163
53,3381,2.972992
2,764,3.615732
39,2835,3.365939
70,9687,2.621064
32,1915,3.443075
33,5078,2.462608
57,5948,3.796071
39,1140,2.899681
10,2983,2.948295
43,7131,3.434995
66,1372,2.790334
14,12214,1.847599
28,2788,2.583422
70,6516,3.241739
39,6110,2.859410
3,9334,2.932600
53,1486,3.654865
3,8339,2.918854
40,7881,3.191266
87,2194,3.090007
7,6436,3.781847
76,2452,3.551551
32,3148,3.957520
35,7623,2.453128
15,806,2.770323
64,3436,3.410028
73,3421,4.099983
19,7144,3.696641
41,3622,3.341452
83,2330,4.071759
58,2523,3.611610
28,3027,2.956211
87,3116,3.116528
41,2179,3.389565
5,5050,4.511710
62,2660,3.781137
87,1067,3.342146
39,3497,3.247938
7,4886,4.281343
19,8465,3.856310
36,1093,3.091183
3,3283,2.823237
35,7103,2.935599
31,1138,2.657403
77,1071,3.347284
41,8124,3.281438
25,1578,3.108180
37,90,3.026949
14,2225,1.726681
46,7353,3.518081
53,396,3.386726
40,7210,3.160425
14,9431,1.835327
1,3025,2.715415
54,1223,3.476822
55,12860,2.845668
12,1796,2.959497
85,1098,3.210727
7,3220,3.738484
12,8711,2.722915
57,11205,3.699420
46,2564,3.335250
14,4592,1.865127
38,3458,2.857480
52,3012,3.366944
9,6396,3.104748
22,3052,2.918462
27,353,2.855095
4,9924,2.808205
87,2229,3.109355
39,3227,2.915614
84,2756,3.434900
42,1947,3.025968
41,2498,3.417423
1,150,3.073395
28,851,2.993102
38,291,2.919697
41,4516,3.212530
79,3516,3.712538
31,8580,3.325073
5,664,4.623925
43,5072,3.822608
81,6428,3.113154
19,811,3.743303
37,11486,2.862307
59,512,3.143761
7,5821,3.499492
1,1340,3.599651
10,74,2.979164
24,903,3.047852
11,3619,2.817553
48,1417,3.294117
59,6,3.656878
7,6720,4.007103
3,5166,3.370018
9,5160,3.140292
17,8,3.798532
36,6396,2.939557
47,6485,2.958468
16,1271,3.702245
35,344,2.804164
19,2611,3.959198
33,3380,2.256047
29,1689,3.649581
15,2584,2.823741
3,3848,3.287669
70,2345,2.590219
35,1825,2.463305
25,1990,2.749169
40,7469,3.426088
11,1150,2.751781
25,2834,3.107749
85,932,3.397588
29,2999,3.709118
66,2683,2.967897
18,479,2.938214
7,10313,3.817427
46,6175,3.114478
73,6829,3.726896
65,1614,3.012428
78,1321,3.139901
82,2066,3.470892
40,843,3.148132
77,3606,3.479601
83,1535,4.190376
6,7939,3.200031
14,753,1.785279
32,2310,3.222557
17,6585,3.843279
11,8610,2.513580
33,3231,2.609137
43,1397,3.459379
14,3255,1.912591
62,8347,3.378436
27,2254,2.745026
77,3381,3.196175
34,7354,2.723450
4,465,3.033911
19,11265,3.808571
4,926,2.924697
73,2588,3.747545
25,1974,3.270992
47,118,3.509612
80,263,3.865547
58,339,3.667639
15,1735,2.982976
14,8580,2.102959
7,396,3.839179
57,4346,3.855375
10,856,2.661542
39,100,2.948220
15,6374,2.585248
9,1703,3.081042
21,1782,2.976623
28,1083,2.657309
14,782,1.899999
14,8423,1.913428
25,8593,3.753165
41,9191,3.325444
61,6476,3.670867
73,1743,3.998335
71,1206,4.193298
22,2358,3.545057
55,304,3.036353
42,2566,3.104347
45,11321,3.427063
82,60,3.815083
68,1673,3.833990
41,438,3.648533
53,8138,3.439925
83,781,3.820331
52,1178,2.880898
6,3485,3.040336
16,3564,3.285760
0,44,3.026153
4,3974,2.638129
11,5262,2.569794
2,7722,3.452341
38,3314,3.853185
32,1125,3.651630
22,1980,3.923136
18,4013,3.131548
5,3292,4.400151
21,1646,3.242628
51,9907,3.466941
85,5358,3.485973
46,232,3.292453
39,3500,3.263791
7,7026,4.034155
25,5842,3.077863
24,8415,2.890688
1,9621,3.301155
54,1178,3.222162
46,3979,3.372287
55,7809,2.971584
9,754,2.881990
85,1134,3.330031
10,9132,3.215088
4,886,3.834217
78,10166,2.631197
85,3060,3.182466
11,3422,3.003539
14,6707,1.836632
62,781,3.421123
45,13417,3.688205
3,3047,3.029209
70,11091,3.597270
35,966,3.045540
41,319,3.460077
60,3516,2.829625
7,11739,4.129889
14,5614,1.914092
40,6177,3.287966
57,4903,3.512224
2,1868,3.480471
32,176,2.874203
75,7469,3.466814
9,8383,3.059601
2,6450,4.033315
73,1623,4.037733
25,2886,4.036709
14,3247,1.870926
19,4837,3.840552
10,8951,3.218849
40,1065,3.226991
11,5072,3.070128
14,7607,1.767000
52,2161,3.545910
15,2654,2.801463
66,9684,3.411276
17,146,4.025369
67,8383,3.659518
29,1884,3.990185
36,466,2.874578
23,1570,3.572618
2,2155,3.417716
40,3338,3.257834
37,3662,2.656204
46,699,3.297269
3,4135,3.245368
19,664,4.151361
22,3486,3.615263
57,3339,3.533178
35,1528,2.744735
57,7548,3.096241
59,1604,3.478425
61,9180,3.340089
87,1914,3.062582
46,997,3.427336
39,124,2.891536
36,662,2.436205
41,6032,3.164805
66,9751,3.516388
60,720,2.683133
62,185,3.591805
28,3675,2.971499
38,426,2.682471
46,2664,3.587000
5,3173,4.643840
8,208,3.521396
1,8499,3.070021
59,895,3.123358
81,9961,3.186624
14,3158,1.818413
81,7114,2.705561
14,9066,1.802264
12,2765,2.529568
6,2377,3.492183
29,4373,3.668761
40,3061,3.176174
7,3268,4.052017
63,1633,4.339094
55,1380,3.138274
40,2935,3.210646
40,1953,2.882734
11,6652,2.554734
4,1051,3.316043
48,45,3.521578
67,1479,3.808927
63,653,4.333724
14,6039,1.740266
40,378,3.108280
18,6586,3.762520
34,5454,2.800381
35,970,2.841693
41,8227,3.412923
7,2990,3.856825
3,11395,3.450340
55,8807,2.931981
34,4845,2.780677
28,2659,2.689404
28,3130,2.583401
41,12583,2.915156
48,2765,2.762316
30,389,2.787689
46,2518,2.831928
60,3447,3.365850
40,3774,3.466253
67,10290,3.520655
4,1433,2.676352
5,3591,4.481828
70,1753,3.208786
20,3933,3.556835
12,8677,3.033621
8,358,3.552160
15,2745,2.673265
70,3996,3.541097
30,7346,3.457653
14,2315,1.871245
61,8269,2.647446
27,9505,3.699736
33,4338,2.394844
25,3389,2.812561
28,1336,3.152782
4,8844,3.005811
14,2566,1.974887
4,7201,3.061143
59,159,3.209243
4,5844,3.335315
48,6205,3.115487
55,9040,2.982237
3,1823,3.152676
85,5587,3.731017
86,3490,3.596957
57,2381,3.341059
73,7489,3.069348
8,5991,3.086724
16,8037,3.483167
11,1771,2.535829
21,2823,3.303758
39,2290,3.079016
31,12399,3.302331
5,1713,4.325194
7,2934,4.091161
40,4843,3.550555
7,12729,3.686892
6,3141,2.869260
47,8580,3.687456
71,2883,3.916205
58,6554,3.972646
29,813,3.790611
42,3321,3.019593
41,2534,3.155447
24,6991,3.101678
87,997,3.004569
61,4081,2.953495
55,6709,3.283275
48,7729,3.278882
5,5975,4.494100
23,1079,3.593236
38,4753,3.076504
3,2918,3.387737
14,6631,1.957425
33,2168,2.328340
29,3305,3.479506
28,6684,2.496571
73,1331,3.466155
87,60,3.234059
42,684,2.858754
81,6102,3.452145
28,944,2.697906
83,6665,4.100514
14,2723,1.719638
10,368,3.251753
60,1493,2.884203
53,1967,3.701284
9,8501,2.963078
3,5937,3.545623
63,6849,4.339165
14,6094,1.910910
51,398,3.188962
55,653,3.218630
39,1080,3.160855
15,5184,2.697001
46,1237,3.401206
35,5819,2.522325
19,4888,4.040978
33,1849,2.794894
81,9775,3.806938
75,1821,3.083681
57,10594,3.619506
53,6155,3.209721
19,313,4.068262
70,1538,2.749862
53,2441,3.772038
29,3567,3.546049
37,4715,2.599122
45,4490,3.724078
85,1980,4.002122
28,3062,2.783545
37,2663,2.886639
0,2801,2.967069
51,9168,3.202698
5,3574,4.401915
61,3651,2.963154
14,6102,2.012142
16,124,3.116772
70,781,3.057601
3,3612,2.875012
73,9920,3.220964
3,110,2.725732
45,7424,3.384407
41,4564,3.022238
79,7150,3.931399
6,10989,2.974642
3,1495,3.599402
46,2257,3.242228
35,6516,2.774992
53,4584,3.589194
75,1776,3.471642
7,6547,3.811899
33,3458,2.360366
43,5459,3.541904
28,4322,3.263644
42,5013,2.875786
4,6413,3.405307
52,442,3.754609
43,3148,3.846817
41,54,2.921619
57,10166,3.234572
1,2840,3.223965
0,355,2.911220
42,3225,2.779894
16,1340,3.795708
55,5485,3.057904
81,8662,3.280885
7,3600,4.000206
66,2303,3.535985
5,9993,4.357098
3,2309,3.564245
14,4658,1.890763
74,577,3.738838
37,610,2.561768
39,944,3.072121
27,5762,3.153948
24,1508,3.441666
19,144,3.540460
5,4917,4.426746
4,1140,2.858486
15,1432,2.618758
79,1212,4.053765
75,2599,2.660171
4,6637,3.091801
82,3974,3.190451
28,3083,3.297998
35,328,2.632697
41,1814,3.052157
28,2857,2.611843
17,3581,4.351051
60,3421,3.798241
23,3078,3.779235
7,3773,4.130472
62,4526,3.344093
78,8559,3.582092
15,1116,2.757710
10,7338,2.957986
7,2062,3.991342
14,3706,1.715204
36,1485,2.491292
11,885,2.898302
6,2523,3.330829
46,3193,3.604057
60,2329,3.074520
32,989,3.113552
19,188,3.881128
43,150,3.414253
33,3520,2.256682
40,2560,3.159055
66,6537,3.345143
27,3068,2.612549
19,2712,3.847753
35,2594,2.454099
4,3453,3.008280
73,9504,3.395405
28,1892,2.404164
28,1982,2.823260
39,3089,2.940464
12,900,2.585183
6,6913,3.368145
33,6326,2.562877
7,3523,3.943589
37,1321,2.886051
41,8253,3.452809
44,3136,3.740438
82,6032,3.562206
57,4810,3.429595
19,9451,3.841776
57,6345,3.599253
46,956,3.619338
4,8087,3.166999
60,5850,2.745301
57,4520,3.698572
41,8593,3.765074
45,4710,3.982645
60,1331,2.862468
6,1365,3.118844
39,301,3.412404
59,2814,3.577744
28,3683,3.190928
18,6580,3.005669
22,10524,3.548177
11,6966,2.285386
12,7489,2.674125
41,9406,3.687602
33,4870,2.323373
17,2570,3.624600
71,3675,3.960443
85,8473,3.574240
66,7204,3.471574
31,2451,2.666068
46,1753,3.473038
52,1316,3.633627
48,8533,3.471879
5,961,4.409894
36,580,3.152569
60,4377,3.354917
21,1418,3.525437
53,339,3.709080
81,1346,2.741681
36,6665,3.200977
14,2399,1.893742
25,3124,2.984793
57,48,3.554721
15,3255,2.877150
26,65,4.081436
3,7412,3.259448
7,3349,3.983437
85,3662,3.119660
46,11146,3.635871
67,7201,3.506896
57,6580,3.450316
5,1676,4.390223
35,6392,2.770819
4,6396,3.206021
48,5957,3.517232
38,9092,2.905734
55,11018,3.007394
73,12983,3.123938
21,1298,3.128842
73,4467,3.767501
39,4888,3.506016
38,85,3.403587
46,7060,3.617706
3,8240,3.012191
14,324,1.952317
39,4346,3.631054
27,718,2.817615
81,9505,3.945719
66,7119,3.321302
87,1223,2.840811
72,2835,3.812405
5,2317,4.545019
82,10994,3.817141
10,5923,3.103278
31,2165,3.292886
85,1353,3.382237
46,8423,3.356085
10,10051,3.024561
4,9067,2.876914
15,2360,3.305331
37,1099,2.713011
57,1043,3.450820
20,442,3.825459
57,2788,3.300353
48,7418,3.331432
19,6301,4.181059
5,182,4.449657
82,1094,3.980671
39,2268,2.778217
53,3514,3.664040
83,8601,3.955360
60,1114,2.984422
18,226,2.709279
9,1407,3.010854
81,3030,3.303490
43,1408,3.935351
5,517,4.248263
17,4760,3.710993
10,5504,2.915091
41,8745,3.426404
75,766,3.795331
79,1508,3.929194
33,1277,2.209272
27,6441,3.094180
36,6622,2.478496
41,2918,3.367968
27,2551,2.447478
83,1327,4.040024
45,3646,3.431542
78,4155,3.208828
40,13183,3.038711
46,2829,3.324443
75,5789,3.063615
7,2545,4.197920
55,2590,3.152334
40,3645,3.635221
25,4688,3.331431
45,7666,3.594328
18,7535,3.047253
35,5733,2.492109
29,6618,3.592750
38,1379,3.049057
5,3386,4.621360
2,3290,3.460758
87,356,2.973133
24,5217,2.757838
87,620,3.288348
37,10698,2.733159
29,2152,3.750250
27,8296,3.137004
14,4384,1.928348
62,7770,3.675012
4,11935,3.597498
35,5643,3.365017
3,3568,3.262965
57,7899,3.456998
33,3598,2.352115
40,4614,3.262370
32,3675,3.497311
39,267,3.014580
15,2220,2.896239
30,2636,2.938343
40,10165,3.447617
41,4417,3.510318
55,6522,3.367396
19,4409,4.165421
7,690,3.545594
3,328,3.236956
19,10228,3.749529
13,2578,3.704250
28,3359,3.256815
60,6667,3.337292
47,12583,3.041297
17,3227,3.552932
42,6486,3.084002
36,355,2.975470
57,865,3.314195
85,1575,3.740827
7,2042,4.235638
28,779,2.683495
25,9505,3.963188
87,484,3.373420
32,1298,3.355748
15,146,3.154132
65,6436,2.962265
4,2345,2.689528
50,89,3.784660
38,2630,2.775370
38,3683,3.320814
46,3651,3.577324
35,6529,2.638377
36,7939,2.713399
8,2,2.968233
10,7484,3.058229
33,985,2.453188
13,4932,3.327811
14,9924,1.777112
7,905,3.913206
19,6808,3.809846
28,2360,3.509043
56,7055,3.044502
4,3012,3.202566
41,12228,3.331155
9,1028,2.575192
4,6196,2.767144
41,3343,3.695540
40,932,3.312742
25,5702,2.525306
20,5649,4.012230
19,3424,3.664786
5,354,4.218364
7,1167,3.962660
77,319,3.841888
64,2405,3.031376
43,3072,3.274855
4,2072,2.705773
81,6442,2.716634
3,2777,2.890512
7,2192,3.863815
17,2480,3.923313
63,2299,4.339433
52,1271,3.574673
57,1783,3.696187
11,1508,2.713721
30,8393,3.347605
77,262,3.811488
15,2725,2.923110
12,4729,3.663644
19,1167,3.848486
14,5199,1.846677
42,7511,3.525546
43,5614,3.438510
28,3698,2.933917
63,7754,4.173694
37,1618,2.628232
59,3039,3.326658
31,11218,3.611709
67,8553,3.397672
15,7677,2.995187
7,7535,3.965671
21,2955,3.924014
27,944,2.837292
85,3441,3.326406
57,159,3.333457
41,2493,3.513597
33,5742,2.363876
82,1782,3.541927
5,5844,4.557562
40,5112,3.164355
14,4097,1.810216
87,2743,3.007222
30,5587,3.615027
25,2839,3.216136
40,2041,3.216043
25,2127,3.251571
67,6638,3.841450
77,2802,3.745776
4,4725,2.844504
37,2531,3.146041
3,2541,3.407943
67,4977,3.701074
42,9052,2.917671
4,2822,2.940960
8,3044,3.504763
62,466,3.507686
41,7973,3.268194
60,949,3.735059
39,2625,2.965138
87,2158,3.063958
7,2575,3.848230
33,3328,2.507119
6,1316,3.687314
73,2873,3.500567
77,3224,3.337350
14,1712,1.836429
48,2817,3.730011
47,271,3.778250
7,3127,4.131084
87,669,2.879437
41,12607,3.027323
25,4931,3.087594
60,2918,3.006880
57,5643,3.998878
37,2883,2.794423
52,10999,3.453889
81,4932,2.945705
71,7201,3.871714
3,6972,2.953525
9,2289,3.442650
45,44,3.899767
19,1598,3.906300
77,3282,3.804139
35,6262,2.976533
36,11202,3.297431
37,1998,3.436476
37,12118,3.138551
59,3338,3.445006
42,2091,2.712308
57,11520,3.685038
8,1640,3.075252
21,79,2.998854
86,3255,3.536220
6,995,3.723800
18,10115,3.144693
40,3732,3.389419
36,4729,3.533362
72,3738,3.224160
30,1326,3.481558
40,1508,3.580074
13,9364,3.378967
33,2141,2.334235
15,1022,2.576895
6,3544,2.879517
32,7374,3.353216
72,7055,3.878435
4,8423,3.052559
2,1381,3.500638
17,2408,3.663311
21,1125,3.451524
14,2274,2.024021
31,60,3.211509
25,4900,3.238659
7,1186,3.874335
12,4490,3.102366
69,5429,3.870318
3,6134,2.923334
2,6516,3.674320
42,1515,3.067207
59,7389,3.657482
81,8533,3.311467
6,642,3.398872
30,381,3.128551
46,1629,3.784193
24,6667,3.491686
39,1078,3.045723
10,3349,3.144447
59,8601,3.544429
46,3244,3.786656
6,1599,3.158989
25,4393,3.368090
64,5948,3.094211
21,1741,3.200743
38,226,2.593713
40,5941,3.501320
6,843,3.076054
7,8156,3.958684
7,12351,3.847466
14,5072,2.394472
59,3128,3.324785
41,4855,3.582448
19,2480,3.958464
77,6586,4.255120
39,2921,3.349973
42,3203,2.773775
25,6485,2.718899
21,7939,3.134977
33,7998,2.531732
11,5649,3.362438
45,9505,4.222407
70,2637,2.834754
47,8704,3.567147
25,4642,3.425893
6,1237,3.244293
52,7590,3.243594
7,4584,3.967413
3,1083,3.048180
7,3084,3.800033
33,2005,3.213185
10,7201,3.106653
6,428,2.834257
38,3099,3.165054
7,9334,3.792156
33,3386,2.961162
37,3374,2.686884
14,5976,1.798820
66,7837,3.375106
33,1946,2.295346
45,4563,3.813653
15,1723,2.956949
64,7319,2.737309
72,3397,4.186715
63,1580,4.228528
55,9893,2.873657
40,944,3.133821
3,1093,3.513552
14,12270,1.958170
7,3483,3.786635
15,1276,2.695506
25,1350,3.231655
7,4843,4.131727
67,10864,3.710846
33,3190,2.644136
24,7666,2.927135
40,3587,3.043678
7,12741,3.865115
83,8526,3.708981
4,7448,2.970772
39,3422,3.675133
25,4684,3.814001
7,759,4.024745
7,2624,3.736515
40,374,3.070151
73,2377,3.690658
17,1169,3.659135
33,2709,2.400422
7,11153,4.054985
7,2346,4.233957
7,12151,4.132199
82,949,4.148325
29,3268,3.754854
59,2883,3.470475
50,949,4.295229
70,1418,3.391072
12,6813,3.754000
59,1703,3.577156
13,4201,3.437852
20,1134,3.223272
37,8917,2.891371
11,2274,2.681890
14,2483,1.908831
7,1959,3.777005
36,2518,2.352423
41,4963,3.824577
33,2265,2.302149
41,3490,3.464029
48,544,3.061171
37,1501,3.165966
18,4706,2.923512
67,8943,3.281211
67,5217,3.313251
14,2591,1.763113
23,5975,3.775792
54,2351,3.418661
19,6800,3.971527
59,7095,3.322732
57,6448,3.327227
3,2678,3.091745
40,2393,3.008943
17,2637,3.548180
52,8704,3.423007
41,601,3.286536
5,1167,4.462714
66,10704,3.244358
36,2035,3.332361
46,1717,2.921771
10,7203,3.139719
55,9687,2.601566
70,1396,2.875682
9,948,3.067386
55,6476,3.723276
54,6527,3.661822
46,5361,3.550535
40,1116,3.210199
25,7324,3.452655
64,8253,2.920633
55,157,2.817122
46,874,3.346488
42,1178,2.524035
40,6138,3.436079
16,6865,3.522773
4,3265,3.521155
77,1934,3.646745
6,7452,3.365996
64,1342,2.497787
6,6647,3.322479
20,3025,2.953464
40,1590,3.414542
21,7055,3.481049
19,45,3.982911
72,3517,3.831732
14,1953,1.759228
17,2758,4.051398
62,4865,3.669509
55,6477,3.421895
31,6704,3.619416
7,6395,4.011899
27,1274,2.882576
4,7885,3.157035
55,6767,2.989763
28,3221,2.672127
87,1899,2.952160
48,7390,2.847073
85,3135,3.139743
19,2133,3.926361
5,7418,4.459097
70,1093,3.340899
75,11218,3.924571
75,2603,2.637274
3,305,3.538362
6,7885,3.354488
28,2526,2.924546
5,14,4.489624
70,3374,2.929112
81,5917,3.257431
15,6,3.003980
7,426,3.750185
31,4831,3.399215
5,2052,4.273342
81,6547,2.902629
57,11202,3.836260
48,2237,3.315507
22,1526,3.270143
14,1740,1.783728
52,12035,3.422039
40,3111,2.937710
34,10328,2.445590
32,1612,3.367173
5,2756,4.520929
28,107,2.988406
83,3580,4.321032
19,3815,3.639883
32,3200,3.183949
47,1415,3.363521
9,3179,2.913429
66,2526,3.270989
46,1612,3.352511
73,1575,3.794030
43,236,3.404767
13,3458,3.397456
30,8347,3.145921
3,1439,2.844510
11,2962,2.350583
38,2526,3.101437
3,11486,3.246780
42,11166,3.302132
46,2177,2.805393
30,10517,3.307762
18,5844,3.320865
5,199,4.462209
45,392,3.765077
57,6612,4.146003
15,5625,2.751505
7,1788,3.954937
3,6359,2.930942
7,9204,3.977940
35,4573,2.521108
64,4851,2.455346
61,1980,3.634185
41,1993,3.811640
66,8001,3.495681
14,3933,2.011395
46,4855,3.651224
67,920,3.196226
62,9402,3.216687
13,478,3.616413
57,5595,3.585002
19,12066,3.837738
72,10018,4.044930
17,196,3.830980
48,10220,3.464396
41,7551,3.031278
14,7001,1.848897
14,7554,1.970026
22,1359,3.352281
84,1079,3.093943
33,3416,2.316593
8,5383,3.073900
55,5161,3.005329
81,7418,3.179917
37,7180,3.118333
42,8354,2.790318
33,1060,2.240509
66,3612,2.908051
47,6138,3.497389
87,3192,2.858936
48,5728,3.155226
29,1849,3.832090
36,1743,3.592041
14,4932,1.796623
19,7148,3.686357
46,2376,3.541021
9,1953,2.598095
55,5638,3.393902
19,1538,3.551904
81,7166,3.121860
40,1507,3.270098
27,2518,2.535605
18,1236,3.256401
17,10033,3.645847
60,3436,3.614292
36,4564,2.554204
46,1080,3.343935
4,3566,2.722616
48,9148,3.164381
60,355,3.066999
5,191,4.511407
4,488,2.909740
19,1268,4.108251
7,410,3.967890
48,5921,3.089658
69,886,4.106370
87,164,3.115931
18,4904,3.460812
45,10437,3.517615
46,6090,3.507478
59,11014,3.451062
86,2782,3.446712
48,7204,3.524165
83,8246,4.047153
55,10829,3.091698
37,1342,2.596944
57,2937,3.699273
12,8039,3.131221
3,8119,3.168878
11,3268,2.604643
77,2260,3.524868
37,4156,3.132148
62,4342,3.718313
4,1623,3.742047
36,2854,2.719705
12,8844,2.911036
4,4720,3.279577
41,1532,3.064452
14,8146,1.766476
4,3545,3.045977
47,6592,3.481532
42,9603,2.769514
65,1745,3.593225
66,4863,3.344238
53,1543,3.557208
87,2256,2.940374
5,5160,4.548038
48,5724,3.444158
33,2772,2.553604
42,7321,2.952006
63,127,4.420302
4,8051,2.888451
27,3404,3.290492
7,11795,3.958692
14,10835,1.802487
4,7864,2.952283
30,3061,3.149529
25,3360,3.265894
40,1397,3.387567
87,2128,3.062193
7,2725,3.997368
43,5183,3.668420
57,5017,4.069215
81,10322,3.446733
84,3014,3.203725
12,987,2.963765
28,1193,2.450954
11,3490,2.633520
75,8318,3.698957
57,8447,3.695475
13,2765,3.015508
28,3556,2.859276
56,3487,2.537492
25,8504,2.690044
36,4219,2.723660
18,3237,3.795037
65,1084,3.255735
11,3253,2.504516
4,3516,3.017386
19,2447,3.768486
33,1065,2.393972
40,3036,3.219781
76,124,3.202909
81,4478,2.769583
34,5819,2.634382
35,1352,2.633554
12,6844,2.589504
75,7016,3.031774
82,8601,3.733866
21,8677,3.205595
7,11118,3.955085
33,5424,2.588573
69,3564,3.336159
17,1685,3.530081
22,817,3.334205
16,2625,3.193131
53,2384,3.621798
18,2654,3.004657
45,3711,3.656754
59,3498,3.011774
60,2523,2.987191
46,5941,3.598336
22,2825,3.566663
35,10047,3.392104
39,150,3.253932
3,7462,3.144002
75,11074,2.992184
14,1401,1.737791
63,3268,4.316502
59,759,3.530022
32,328,3.362155
6,2829,3.146604
25,8654,3.492791
28,1177,2.896134
72,3737,3.748525
32,2125,2.956154
7,6039,3.691255
63,1990,4.058772
42,5182,3.297662
19,1762,3.909581
40,10994,3.517839
40,9596,3.329747
43,6249,3.419845
81,11489,2.854535
58,2527,3.723574
41,2435,3.016432
18,4773,3.885552
55,610,2.659810
56,1508,3.119799
14,321,1.825745
40,1276,3.094251
56,555,3.568325
37,2593,2.522837
73,8882,3.370439
46,3124,3.249883
63,3374,4.187438
3,4756,3.877077
87,370,2.748307
39,1744,3.124104
9,1753,3.059213
14,8789,2.263574
47,2902,3.595499
0,3100,2.783865
87,2310,2.862183
35,2499,2.453985
38,11677,3.302756
75,5302,3.250480
14,4450,1.902472
4,4506,3.313881
2,8063,3.450587
58,1208,3.954222
0,1386,2.892024
55,6192,2.926280
55,4899,3.314078
4,1999,2.935838
7,9992,3.759024
9,10051,2.794946
42,1953,2.593670
20,7580,3.699718
14,7047,1.866341
17,2060,3.872266
42,5725,2.500087
3,8767,3.094925
19,2089,4.012037
7,8951,4.019490
55,4467,3.362857
58,2835,3.684207
7,1379,3.992885
4,5918,2.989420
6,302,3.235533
57,6667,3.826485
12,7494,2.679226
6,3502,2.796717
38,5145,3.138072
46,2593,3.061329
6,1000,2.928649
47,693,3.093997
7,4153,3.855191
28,6625,2.670011
86,2569,3.616777
11,6915,2.321728
75,1174,2.479528
3,1414,3.085450
80,1458,2.575603
28,6586,3.767985
85,442,3.944568
4,6257,3.465882
70,10018,3.611444
52,3602,3.447261
87,2391,3.162566
14,1181,1.939795
46,857,3.348752
71,66,3.520056
48,4785,3.571743
17,934,3.810100
22,3393,3.021688
6,886,3.988335
3,1779,2.884275
14,1719,1.775847
48,5755,2.972798
57,6491,3.310865
4,4526,2.882342
46,580,3.684956
27,7803,2.606820
41,5424,3.385435
33,1980,3.345231
14,6163,1.916157
43,2583,3.660478
75,6374,2.919973
21,1901,3.155260
34,928,2.563501
59,8559,3.828035
31,3432,2.983719
70,2814,3.217237
70,60,3.328582
38,156,3.488454
47,3,3.787095
12,6481,3.431219
13,392,3.555485
13,1397,3.563960
22,735,3.736672
23,2588,3.924193
12,4616,2.622962
18,1806,2.644695
81,10305,3.500074
22,5161,3.244450
75,1051,3.575762
6,221,3.079424
63,1591,4.416853
34,10998,2.594710
72,6138,3.830938
81,5135,3.436777
37,2988,2.916261
33,2610,2.360964
14,13424,1.824804
41,2118,3.520628
35,766,3.152261
32,2483,3.536615
7,10989,3.803393
46,5994,3.376561
64,8633,2.886786
14,3001,1.923048
69,10513,3.478646
46,6580,3.363581
12,1067,3.420498
13,999,3.582253
59,3310,3.131685
6,2561,3.491961
40,6002,3.067889
22,438,3.675798
81,12446,3.038398
33,4958,2.627327
82,3061,3.566273
27,5775,2.714555
75,226,2.881629
81,13642,3.357984
57,7521,3.280206
4,3329,3.872538
14,6662,1.763424
28,899,2.645234
60,3133,3.238237
87,991,2.563869
2,8222,3.502566
46,2865,3.603559
0,1829,2.490489
58,588,3.687064
4,3078,3.113893
43,2397,3.536464
77,1293,3.903910
81,1629,3.689726
81,1671,3.402406
36,1612,2.739558
55,8593,3.519689
7,7211,3.745514
47,1987,3.111493
39,3338,3.174337
19,4468,4.324675
25,5614,3.261113
65,3719,3.476760
79,2721,3.709872
82,10468,3.979332
47,5429,3.807694
5,3490,4.507947
14,2000,1.898777
7,10368,4.073202
13,2034,3.493141
34,1600,2.988055
42,115,3.808086
6,1414,3.091661
81,2369,2.947626
8,2361,3.283780
65,9571,2.729261
34,3478,3.166674
5,6092,4.400654
13,7029,3.885860
7,6185,4.153419
4,8533,3.212178
77,662,3.335547
41,6682,3.363442
46,3701,3.464461
4,8453,2.960225
42,2441,3.280273
53,1286,3.861384
22,9222,3.273123
28,2650,2.661457
81,1911,2.699936
19,2782,3.803916
55,2161,3.308518
75,4417,3.554406
4,3611,3.035945
16,295,3.476990
83,442,4.254584
22,385,3.738477
81,8373,3.234785
46,8194,3.279507
11,12306,2.611416
71,1654,3.884521
7,1831,3.939856
56,1116,2.761727
52,290,3.352533
37,1049,2.791017
75,7511,3.836160
3,1456,3.180713
7,7486,3.968523
7,7846,3.951456
7,3123,4.146392
35,4341,2.752596
0,8270,3.019860
35,7282,2.747468
36,6436,2.532791
84,5183,3.600081
63,3033,4.321512
19,2883,3.847323
46,1484,3.492700
66,6813,3.837501
75,301,3.574621
64,11150,2.460586
46,1457,3.494098
14,7124,1.865171
30,1680,3.440006
15,1903,2.611660
83,5358,3.912979
28,6652,2.912241
81,1431,3.322583
11,3313,2.871881
35,5420,2.501926
55,8138,2.811120
33,437,2.366363
28,1902,2.739411
15,1580,2.845906
37,640,3.414495
9,1173,3.486784
11,3132,2.767950
46,254,3.111316
41,633,2.758921
15,1973,2.502579
41,4865,3.532390
80,2319,2.795176
78,8449,3.147426
87,1178,2.675160
81,2907,3.444071
85,2896,3.306181
35,7476,2.542976
77,3507,3.748220
82,3391,3.495309
33,2669,2.401585
43,451,2.798560
7,7463,3.888115
4,729,3.030055
45,9180,4.040324
3,11949,3.180771
36,1741,2.785162
3,2526,3.312056
79,1685,3.480145
27,2177,2.533819
4,881,2.884901
39,333,3.374356
33,2014,2.908376
73,1741,3.473657
33,1925,2.838873
33,3466,3.046194
15,6293,2.725487
7,843,3.851836
72,5183,3.955791
14,4666,1.926342
12,44,3.287627
40,11100,3.375167
10,1679,3.373953
76,13,3.143806
38,252,3.265489
5,1599,4.438091
33,633,2.237607
42,11963,3.173989
33,2862,2.193132
81,6060,2.992724
39,2911,3.721443
14,7199,1.882439
75,5649,4.087014
50,3061,3.773773
64,9510,2.721447
87,625,3.060139
40,7124,3.283854
24,199,2.998514
81,3360,3.259695
19,6638,4.085503
60,2865,3.141870
45,8562,3.904982
60,2716,3.321033
27,6684,2.647845
38,8593,3.605376
55,6580,2.946384
64,6476,3.568618
82,4749,3.835799
82,3339,3.670084
63,2300,3.825721
12,6014,2.970060
87,1125,3.239023
28,1705,2.654560
77,3619,4.030235
35,3500,2.724746
13,1147,2.964614
25,7086,2.953352
17,3469,3.901509
45,1496,3.783454
3,714,3.239025
16,6800,3.571286
79,8525,3.824994
28,1142,2.384585
19,5434,3.724867
48,2109,3.131105
57,4925,3.793611
45,879,3.771674
52,9687,2.829169
27,6704,3.614627
28,799,2.900014
57,3377,3.583809
11,9896,2.390280
7,10975,3.604516
62,12355,3.398916
9,5651,2.928818
41,11675,2.959962
46,3200,3.145846
15,1049,2.808591
3,6000,3.235109
5,2429,4.429142
41,2944,3.300455
58,6323,3.774039
40,324,3.478199
23,4441,3.905166
75,1787,3.284831
48,8482,3.434399
10,5290,2.823458
35,7346,2.759905
60,899,2.656994
77,3123,3.974039
75,2577,3.125194
83,2839,3.899823
66,314,3.110685
10,5913,3.191495
3,7004,3.644132
60,870,2.945910
42,2609,2.826416
64,7453,3.023975
48,6849,3.512019
7,2830,3.898203
17,2157,3.850561
6,2591,2.851996
35,4888,2.960266
14,2203,1.814868
0,13,2.435998
28,89,2.757423
24,3061,2.983773
35,8270,2.909048
32,1238,3.441869
58,934,3.556630
83,2377,4.041656
46,8318,3.731269
9,1000,2.656270
87,1498,3.374871
31,9222,2.959371
61,7511,3.392657
28,2398,2.643249
82,1350,3.650105
77,3521,3.597457
41,661,3.202965
87,2750,3.135965
28,3581,3.852547
86,3507,3.488790
87,1215,3.078030
17,2241,3.864869
35,3079,2.674252
75,1313,3.000998
36,9480,2.704767
87,1705,2.863194
81,11144,3.396135
48,11361,3.295891
16,3050,3.499706
48,1995,3.167093
12,7511,3.570905
46,5918,3.292507
46,1573,3.339548
55,2268,2.645370
57,8123,3.742347
40,8039,3.390164
59,7412,3.456374
77,2683,3.604284
4,2028,2.935715
14,2514,1.951207
9,3516,2.847809
14,9350,1.798417
87,2637,2.803233
56,438,3.223231
72,10314,3.875974
40,8389,2.976961
22,1507,3.253970
33,2532,3.174418
37,7095,2.686391
59,1286,3.757959
59,11770,3.441206
81,910,3.178555
3,1492,3.028540
46,6064,3.447014
75,10351,3.805418
45,5957,3.869776
22,2501,3.331066
27,2272,3.215677
57,8270,3.727466
14,2889,1.891488
41,486,3.481154
77,171,3.599310
43,6481,3.691060
45,7473,3.965904
4,7515,3.182599
16,1684,2.908309
45,2834,3.654074
4,7786,2.691659
75,6486,3.466152
14,3602,1.938156
37,1591,3.290478
48,637,2.881722
14,1905,1.937284
35,4685,2.707829
46,684,3.322948
62,5535,3.210621
4,477,2.594360
16,3421,4.038095
15,3349,2.838572
7,5504,3.783316
82,151,3.703888
23,735,4.042318
28,1331,2.831782
25,7675,3.438294
27,2883,2.938639
48,2709,3.261561
87,138,2.887967
75,11014,3.299811
61,3238,2.892869
66,1895,3.571975
24,5728,2.940853
2,6032,3.484185
56,8638,3.547225
14,2302,1.891373
58,921,3.878256
85,1580,3.353215
3,7285,3.059681
6,3063,3.419421
54,3871,3.444124
37,2758,3.310909
28,3125,2.765842
28,3091,3.211851
19,1242,3.753234
81,9706,3.234442
60,2692,3.354929
29,48,3.625723
15,56,2.727837
30,2695,3.561246
17,7026,3.885139
14,4749,1.960480
7,924,3.633321
36,2298,2.497918
60,628,3.130340
55,1605,2.848822
46,3877,3.278023
35,1457,2.702495
60,4650,3.573366
3,3905,3.383823
2,2349,3.671443
40,3268,3.452147
84,4608,3.677933
9,188,2.989929
13,3414,3.217389
5,9243,4.438560
33,1470,2.175781
55,12231,3.124261
7,1082,3.938485
4,548,2.794184
14,2390,1.878188
9,2863,3.089806
45,4516,3.675921
80,3241,3.920483
4,8573,3.189884
46,626,3.579202
38,1980,3.770180
84,9498,3.348086
37,3345,2.704602
81,6045,3.541568
19,2019,4.142943
7,2619,3.701785
75,2036,3.459135
45,7674,3.762459
19,6537,3.933027
37,4626,2.754235
63,555,4.535196
39,1617,3.158026
14,7094,1.917878
46,4195,3.049425
39,1015,3.216177
3,3651,3.480477
75,2725,3.450162
52,225,3.409767
41,4773,4.087465
14,4373,1.877306
56,7535,2.857345
38,3259,3.118335
16,1212,3.829040
4,6491,2.899068
3,9776,3.354040
77,1654,3.733956
46,3236,3.574583
18,8442,3.036403
4,5877,3.364913
28,2793,2.710522
25,3774,3.413374
57,5819,3.391895
14,6821,1.780241
35,7580,3.135325
2,2450,3.764516
48,5290,2.877689
65,3136,3.685906
28,301,3.171700
19,4890,3.922594
46,389,2.963343
38,2211,3.405581
56,443,2.710625
8,421,3.534697
7,8504,3.710336
27,11202,3.404252
66,3087,3.245490
15,355,2.953182
34,6665,3.154656
3,7075,2.896211
43,4097,3.186911
60,1140,2.614648
65,6957,3.636214
26,1901,4.090747
38,9728,3.198282
54,10018,3.986562
53,8988,3.484031
33,6165,2.521023
46,257,3.328756
15,2303,3.104399
84,2725,3.398879
7,9985,3.906477
36,1380,2.900905
40,3615,3.540062
11,2647,2.592427
81,1293,3.426355
85,2192,3.107095
84,4535,3.119718
33,5775,2.272177
40,7582,3.519471
75,5775,2.965606
14,2886,2.820242
73,5651,3.470517
81,9437,3.046225
7,7674,3.996327
38,3469,3.133498
8,159,3.237223
63,3581,4.614170
28,3349,2.918162
48,1434,3.571107
40,3556,3.289007
33,138,2.380937
62,7453,3.698329
3,1513,3.598141
77,1901,3.768640
7,611,4.088932
3,4258,3.408817
71,9363,3.898527
15,5638,3.147871
34,301,3.025765
12,3292,2.885818
13,3553,3.342947
23,1098,3.606844
4,1486,3.188744
45,5252,3.885473
8,983,3.674889
29,2185,3.532631
10,6586,3.811909
59,6674,3.889539
38,851,3.127911
14,1098,1.859761
81,3500,3.264716
29,2496,3.621009
56,1206,3.356922
42,9984,3.039748
33,1212,3.116185
7,7029,4.264190
25,5663,2.891958
13,1167,3.503981
39,2197,3.110672
19,1033,3.914480
60,1726,2.443413
67,7674,3.605338
46,779,3.272335
52,127,3.589866
5,1336,4.535054
54,6491,3.409238
81,6055,3.249002
39,2523,3.274163
25,5941,3.396241
15,1152,2.592901
38,8400,2.874538
62,9406,3.790324
3,5983,3.467153
40,368,3.429283
65,7959,3.073634
14,1526,1.868251
75,10999,3.577755
57,2812,3.488483
14,5529,1.863109
7,3372,4.088285
5,6193,4.325029
14,2561,1.966066
59,2212,3.241952
59,5535,3.167925
75,6704,3.938753
55,12583,2.704436
77,2212,3.560400
84,4564,3.051778
7,5045,3.977069
45,1205,3.633283
55,9093,2.934619
25,2481,3.199630
80,3490,3.434160
7,11786,4.242552
57,9400,3.268018
46,2281,3.300007
77,1271,3.993088
66,1613,2.927898
40,572,2.962738
57,6002,3.415205
47,7674,3.442177
34,3556,2.748633
45,3242,3.913133
82,6849,3.812595
19,12035,3.947376
48,9092,3.238135
41,1563,3.069892
81,9719,3.308792
21,3140,3.106546
40,5161,3.281141
18,3662,2.860908
62,8400,3.433338
39,3700,3.673325
58,3572,3.596173
14,10536,1.862536
31,3248,3.283333
35,6316,2.553639
75,1753,3.458852
10,1002,2.868874
37,4861,3.128271
14,3498,1.747482
28,804,2.662260
27,950,2.902974
47,999,3.468051
57,4097,3.373806
85,4800,3.593086
87,3079,3.069622
53,4851,3.190990
41,9434,3.179186
60,339,3.137413
15,5921,2.679871
52,13221,3.333416
7,2917,3.697432
43,874,3.316182
62,4672,3.620501
37,1947,2.971072
28,1454,3.472838
14,2845,1.874547
41,3951,3.177494
35,1974,2.707280
55,2546,2.531124
81,1710,3.866265
30,6374,2.866197
7,8361,3.853657
73,6674,3.926235
39,2490,3.116964
63,2134,4.335418
57,5834,3.392186
85,1598,3.475164
22,6659,3.265579
19,124,3.610868
82,2991,3.905945
5,2681,4.233209
28,2626,2.943675
57,8677,3.552429
67,11944,3.865455
10,7803,2.764932
33,3159,2.351197
79,2118,3.858595
4,5991,2.776523
14,12526,1.940860
6,3667,2.866192
84,7201,3.232690
15,2552,2.659747
36,4674,2.603420
28,1857,2.767030
37,7718,2.890269
10,808,3.010580
76,3090,3.591548
58,1486,3.599680
15,2286,3.144522
16,8580,3.705259
59,3545,3.427714
41,3034,2.941863
73,1342,3.176750
37,870,2.936929
81,5961,3.138724
5,418,4.458320
48,4749,3.532539
59,2287,3.389028
19,5692,3.582763
25,14,3.244785
14,1928,1.926951
87,3111,2.752247
42,1740,2.719991
4,7555,2.881683
40,8029,2.903045
46,806,3.378113
14,5891,1.787712
6,1899,3.209831
52,3008,3.771029
66,7874,2.902290
82,5724,3.734644
15,2022,2.779150
85,2354,3.469073
42,12117,2.624364
63,1575,4.415707
16,8270,3.607353
3,5155,3.639405
52,1507,3.213913
9,3447,3.388819
19,5136,3.881125
38,118,3.166884
37,3500,2.918425
31,2422,2.876414
14,5840,1.838806
14,1134,1.833819
37,5287,2.918609
28,3181,2.983313
34,6450,3.502255
46,4851,2.990866
81,10629,3.344376
21,6216,3.373813
31,8546,2.745134
19,7180,3.977950
57,2636,3.304357
75,2526,3.350833
75,5975,3.418940
24,4608,3.562310
52,1450,3.296661
85,316,2.619594
56,3397,3.556368
27,2326,2.833613
20,10468,3.722471
5,2770,4.640301
22,3033,3.446818
42,2017,2.863436
2,3061,3.488869
21,8084,3.067615
46,228,3.158247
46,6800,3.592751
66,7913,3.553048
77,2819,3.531055
41,12416,3.667964
15,1226,2.685144
79,2496,3.695815
16,1326,3.533463
7,3264,3.985161
4,10383,3.004272
4,9778,3.189023
7,2040,3.810328
16,1318,3.612418
54,3064,3.371292
87,785,2.574769
7,7431,3.911857
30,5017,3.945414
66,6196,2.921842
5,3330,4.518911
55,6638,3.389981
48,9566,3.241023
33,1551,3.137962
27,9775,3.558741
66,4742,3.216516
62,921,3.825536
72,3530,3.511689
37,11281,2.772009
6,3199,2.943058
80,1459,2.965211
81,434,3.389067
63,111,3.958741
29,1587,3.710689
5,3363,4.457693
71,2198,3.750576
6,1396,3.038285
3,2987,3.114712
48,6285,3.078432
10,9101,3.381425
19,4527,3.871950
7,190,3.829862
21,799,3.236044
42,459,3.063441
47,8572,3.336578
40,1947,3.365561
57,2736,3.570353
85,8521,2.882571
65,911,2.999210
18,4964,3.474212
14,8222,1.869844
7,2856,3.991369
19,1115,3.822549
43,2896,3.319507
4,3103,2.793840
14,847,1.935819
7,2020,3.984169
40,2559,3.125688
33,82,2.302538
19,370,3.531031
28,1093,3.134540
61,2496,2.803196
41,1351,3.279777
42,8593,3.517387
38,1498,3.505151
54,1453,3.519050
46,2032,3.204544
79,3015,4.188799
20,9319,3.459137
57,6529,3.578112
7,1311,3.804719
83,3329,4.399772
19,3034,3.604373
71,6709,4.068738
33,613,2.323453
8,3347,3.126179
55,7338,2.826780
27,7139,3.098396
81,7666,3.038513
87,2681,2.612375
28,191,2.953637
85,6196,2.953976
61,1401,2.389534
33,790,2.219326
87,2110,3.298799
3,3592,3.352301
38,1575,3.409946
57,2088,3.425970
4,2970,3.527704
23,3193,3.891457
4,486,3.233179
4,3613,3.067401
57,8107,3.408308
29,3314,4.208319
7,8313,3.993838
27,5689,3.618593
34,6851,2.874915
6,3372,3.498751
40,2088,3.149585
1,10463,3.278543
12,5157,3.056274
33,3081,2.571832
7,1217,3.761945
24,1134,3.023150
55,9497,3.397086
67,10812,3.704726
14,1275,2.253445
57,6586,4.097726
82,8347,3.557216
57,5345,3.608162
65,5582,2.927865
28,3145,2.599100
67,6829,3.784011
84,9063,3.290489
66,2729,3.384537
33,8677,2.477309
81,3432,3.250833
14,3553,1.820277
66,6155,2.810708
54,5948,3.881490
11,1814,2.405969
40,9733,3.421464
52,2886,3.953002
66,5432,3.332474
37,6580,2.828653
3,362,3.731785
75,1139,3.000909
9,416,3.018976
14,9210,1.786124
66,4378,3.299904
39,5587,3.546440
40,5360,3.051377
66,7319,3.252016
30,6380,3.307503
15,6458,2.993965
62,5948,3.750371
70,2451,2.755418
59,2829,3.390337
33,3500,2.557843
42,729,2.865899
42,8704,3.165264
19,7760,3.765257
3,8137,3.177983
56,2788,2.590424
41,8572,3.292372
40,7151,3.892463
5,2200,4.596408
46,3591,3.475754
3,11074,2.905874
46,2021,3.396907
15,1752,2.609968
27,8732,2.973290
37,2995,3.160678
4,1216,2.919177
5,9334,4.353952
33,3340,2.439732
14,2545,2.180485
59,6055,3.535443
8,1544,3.514264
36,2079,2.768771
77,2837,3.714107
41,10419,3.564413
39,291,3.118445
6,1212,3.752356
57,5580,3.634746
57,8550,3.669373
21,1191,3.199967
21,7535,3.214631
30,4800,3.492910
87,2654,2.996598
59,790,3.133368
60,482,3.586038
3,693,2.965623
41,6054,3.372399
57,1667,3.580263
17,1874,3.872926
35,323,3.076636
70,4563,3.246995
41,9109,3.187519
80,1327,3.547727
25,6047,3.714626
39,5402,3.153409
4,1629,3.522893
9,3310,2.632192
52,512,2.922600
19,10148,3.924365
28,3566,2.476584
15,121,2.839388
46,1434,3.648316
66,6587,3.235330
33,3177,2.406247
55,344,3.171239
46,5949,3.478627
7,10606,3.895794
80,555,3.887552
33,7580,2.967020
28,2270,2.767660
7,2097,3.968808
27,935,2.983720
81,525,3.876514
81,7521,2.800328
17,3658,3.808452
59,1676,3.245003
55,6667,3.385176
77,110,3.385719
66,3123,3.565582
81,4342,3.570293
11,6651,2.557360
57,3085,3.300287
37,3227,2.610261
63,416,4.292849
37,4094,2.640791
14,5463,1.850080
14,6290,1.817749
21,6486,3.320284
87,2089,3.223124
81,425,2.814948
54,5975,3.699396
7,10933,3.838637
65,7888,2.945939
6,3241,3.920916
17,2136,3.237031
28,2367,2.880854
11,1219,2.233875
4,410,3.133150
12,1537,2.549350
19,1408,4.271635
66,9261,3.468393
4,2873,3.068194
36,2484,2.390336
66,6458,3.432844
5,1189,4.426831
40,6699,3.513032
63,134,4.156132
27,613,2.758179
66,3706,2.730365
6,3374,3.090908
22,4773,4.085776
35,8101,2.533792
40,11924,3.556629
27,2546,2.508921
55,5792,3.153517
38,2188,3.725362
83,2188,4.274922
14,7703,1.945261
58,1515,3.612081
59,963,3.130136
12,4170,3.138257
40,877,2.988827
40,505,2.996475
4,1030,2.799949
61,6682,2.851040
38,2795,2.653415
7,1801,4.154925
7,2872,3.852952
15,885,3.248098
33,960,2.330564
48,12370,3.304299
32,3089,3.190086
57,10111,3.499744
42,350,3.060130
12,7274,3.008941
4,1431,3.225731
57,117,3.659164
15,3511,2.466662
55,7135,2.831378
27,1601,2.669097
9,2358,3.203785
41,879,3.419962
48,5050,3.411056
43,2721,3.404417
37,4864,2.954853
62,4510,3.646322
62,1824,3.653486
41,2583,3.611604
59,1000,3.244681
38,7346,3.187293
63,3372,4.342411
31,9775,3.549832
19,4419,3.850974
25,2015,2.751380
57,3665,3.446229
28,592,2.842740
3,10686,3.132153
7,423,4.088368
54,3245,3.674613
31,8598,3.599991
63,2343,4.248196
5,2907,4.552814
10,8551,3.068116
85,605,3.450300
46,1486,3.506760
76,6,3.716481
61,4482,2.612184
36,1700,2.654153
87,1000,2.755584
75,4784,2.778112
59,7666,3.342110
12,6978,3.587244
33,1854,2.245354
62,5183,3.740676
4,434,3.235539
7,9444,3.778334
39,3683,3.473179
40,3313,3.685394
66,1506,3.629400
72,6293,3.637058
14,4529,1.791312
27,3370,2.772925
33,1188,2.585250
52,7346,3.405283
55,9532,2.626758
67,2042,3.896187
64,7939,2.683180
4,3334,2.698437
0,735,3.249831
10,2955,3.750037
81,11979,3.046145
3,12663,3.330286
36,6706,3.014197
27,1275,3.499685
76,1498,3.857650
19,4244,3.951921
65,7361,3.442189
33,804,2.368825
59,847,3.571665
29,3,3.980200
3,5641,3.072498
19,7298,3.894341
36,3204,2.581452
3,3248,3.646889
33,2225,2.201598
15,2414,3.048803
3,4509,3.117182
81,48,3.204928
87,228,2.843004
21,6112,2.791592
37,752,2.481930
59,1549,3.721075
33,3542,2.818339
70,3014,3.009155
70,1841,3.141155
76,3193,3.756002
85,7722,3.152269
15,2004,3.056974
59,7346,3.620129
25,4866,3.403854
59,3179,3.443228
14,10464,1.854337
43,7776,3.266461
48,6864,3.394178
66,4877,2.904432
14,5189,1.742467
14,974,1.946985
39,1335,3.010782
67,344,3.676806
60,2685,2.910491
33,1483,2.314963
45,225,3.849504
41,11086,3.234995
15,6638,3.159121
37,1187,2.638709
19,3,4.148349
81,461,2.633912
78,9437,2.949902
36,705,2.654600
40,8746,3.771329
32,1902,3.312160
55,7666,2.894155
8,2516,3.515508
5,2181,4.365404
53,8746,3.958032
62,4886,3.913062
6,8882,3.134862
15,1741,2.807476
28,3622,2.919618
48,10508,3.472246
42,5948,3.343323
39,5975,3.306688
19,4773,4.392736
33,1293,2.692395
25,1851,3.079956
67,4338,3.475055
41,9249,2.845598
40,3591,3.390205
48,638,3.748215
87,2722,3.011064
26,136,4.294583
81,7223,3.694935
43,2911,3.819337
43,1326,3.510900
41,1011,3.495315
31,914,3.538667
47,10293,3.090618
77,2387,3.830126
17,6966,3.381940
58,1598,3.628831
46,3526,3.348686
46,731,3.014476
14,5548,1.899344
13,407,3.398808
27,6600,3.643046
36,213,2.996191
42,7393,2.909120
39,1857,3.094165
64,1993,3.371267
25,633,2.611712
14,7201,1.872742
40,4121,3.143886
67,9571,3.073843
78,6395,3.147496
87,2798,2.899023
59,615,3.363135
37,955,2.906137
63,1486,4.287232
65,6337,2.928322
87,215,2.715907
62,7341,3.282547
4,6326,3.201908
53,1902,3.462120
39,2203,2.985797
41,2756,3.431930
13,1684,3.082806
7,3171,4.012877
41,5918,3.152461
35,5583,2.815096
85,2860,3.825784
41,3333,3.258125
57,366,3.904977
19,1001,3.987092
11,3643,2.324729
7,2553,4.078748
28,2272,3.130922
28,2325,2.993787
22,633,2.715034
41,3974,2.697452
41,9844,3.231703
59,661,3.388589
23,997,3.734523
83,3514,3.937061
41,1121,2.555438
27,6665,3.339547
8,868,3.241968
81,2950,3.482104
58,7580,3.891453
81,5017,3.912852
5,5983,4.507243
7,6527,3.967184
57,4651,4.030939
0,4373,2.750535
81,5535,2.791934
55,9447,3.069894
45,4890,3.812005
40,3410,3.290594
29,1206,3.982422
14,2152,1.969041
63,3089,4.118173
27,2641,2.919408
39,750,3.133546
75,8661,2.972161
57,7244,3.534978
48,10071,3.541637
5,7697,4.545197
33,11050,2.464411
14,174,1.792256
14,2217,1.977173
7,48,3.960277
39,1346,2.798507
87,2139,2.740595
35,5112,2.543472
75,6365,3.261759
12,532,3.251513
40,7192,2.957758
14,1229,1.780348
21,3564,3.064277
41,2021,3.249382
17,1964,3.793281
75,339,3.538526
48,10314,3.551470
73,7674,3.536308
53,67,3.685253
66,10165,3.388999
85,1743,3.978597
81,4728,3.103089
55,1032,2.818477
60,5643,3.658615
8,245,3.323858
48,5975,3.409211
35,3215,2.548944
84,3343,3.666910
12,9091,2.966562
28,3273,2.850248
40,6777,3.126618
76,3561,3.714590
52,3520,3.011334
7,5375,3.944206
27,7489,2.709702
32,3684,3.098269
33,1850,2.672250
19,5844,4.020440
6,1253,3.036839
3,9928,3.356409
55,10478,2.807115
35,428,2.452920
37,2001,2.599355
41,10617,3.188095
86,3432,3.533531
21,3204,2.945517
31,1281,2.635232
83,4608,4.145815
81,4930,3.228649
27,3382,3.088658
46,4205,3.374360
37,6153,2.607951
42,1418,3.283317
25,1009,2.713634
75,2181,3.099221
85,2619,2.865225
5,5002,4.607011
55,505,2.759930
2,1586,4.050915
15,925,2.593708
28,2462,2.548008
87,177,3.083762
38,1594,2.597816
73,170,3.663080
7,10316,4.164170
55,4816,3.113142
7,7243,3.824536
55,6457,2.958987
63,683,4.203420
55,9510,2.995198
77,2937,3.896600
75,7623,2.996720
42,144,2.585891
73,7312,3.872594
11,10300,2.832557
5,10480,4.507320
14,2021,1.886019
58,3314,4.099721
13,3029,3.328875
48,8423,3.273172
5,2080,4.435157
41,7521,2.895445
56,1665,3.459054
85,4851,2.857151
87,2155,2.764208
37,2665,3.081228
30,5596,2.967088
18,5984,3.020219
7,3053,4.140293
14,1043,1.826297
55,8681,3.550537
57,2534,3.443794
81,840,3.410878
38,2309,3.304534
53,1744,3.538464
8,1903,3.110892
14,10293,1.786616
6,1342,2.954895
18,5429,3.518447
9,277,3.193069
39,3100,3.233722
37,3632,3.261586
65,8873,2.782456
19,1846,3.940895
80,172,2.750011
8,3248,3.720653
13,935,3.481227
8,2569,3.624182
43,3404,3.628137
46,9436,3.331172
31,6262,3.313434
75,3466,3.829342
3,4444,3.043624
46,1313,3.119527
18,2360,3.535273
14,1498,2.136286
66,6511,3.303945
19,388,4.020920
36,3588,2.481836
59,1847,3.683929
57,3528,3.669282
22,1431,3.429828
20,692,3.252401
60,1868,2.782007
7,8105,3.793473
13,1875,3.933073
45,2589,3.521091
43,1236,3.586082
41,9822,2.701243
27,1396,2.829832
14,8496,1.836825
33,4946,2.420551
5,868,4.366839
10,2817,3.537063
52,6439,3.607507
18,8550,3.219793
37,148,2.980573
38,9775,3.676679
55,10936,3.171232
7,3364,4.092402
21,4417,3.458094
15,371,2.539044
14,2079,1.869367
53,1167,3.595477
37,6919,3.014669
75,8119,3.251840
36,7389,3.050592
82,1251,3.450681
14,330,1.771931
80,3174,3.270945
2,436,3.349059
14,12386,1.839179
12,5717,3.764864
53,3478,3.838780
22,7570,3.516865
42,679,2.768876
57,7312,3.893941
57,698,3.450276
72,7521,3.448789
25,5382,3.440820
41,2392,2.723248
36,12640,2.664272
17,9987,3.309658
12,1582,3.179872
27,10999,3.234343
29,3486,3.890549
15,5093,2.765168
42,2187,3.495591
39,1710,3.794993
39,2014,3.524822
47,462,3.473650
33,931,2.292950
33,331,2.633004
42,11980,2.716130
79,3487,3.395523
80,3580,3.927849
15,6667,3.166927
46,355,3.593018
21,8318,3.620449
36,4756,3.466592
9,8356,2.732162
41,3372,3.506028
63,5072,4.482722
38,3436,3.689310
4,11153,3.211177
24,2970,3.628589
25,7184,3.448762
81,5984,3.143423
27,948,3.094192
72,1665,4.089761
25,8084,2.986933
57,3662,3.369347
2,1368,3.402233
50,1939,4.086545
7,3428,4.045619
30,7511,3.750932
45,6297,3.917057
3,6356,3.519180
40,5921,3.065832
3,5913,3.322631
11,12089,3.096580
3,244,2.912684
7,12362,4.033241
36,979,2.696295
35,6377,2.669752
16,7792,3.323104
40,4809,3.742108
81,7780,3.071727
23,4187,3.875457
42,6176,2.872611
39,486,3.385592
78,2695,3.389845
41,3738,2.665147
2,2856,3.644260
57,6640,3.434210
72,5724,3.789827
7,4491,3.912142
52,3421,3.915804
7,5964,3.764899
81,762,2.897469
38,323,3.452732
47,779,3.176573
6,2001,2.927573
29,3151,3.525803
78,7803,2.624701
66,4830,3.162109
28,3103,2.535412
32,438,3.817514
19,1360,3.794837
37,8309,3.634130
85,2666,3.246713
39,3653,2.857796
3,2780,3.229113
16,10314,3.597631
84,1980,3.878913
84,8553,3.093473
15,2839,2.839892
3,2708,3.294534
6,5501,2.729822
42,5797,3.019768
70,5290,2.685154
64,6,2.952888
7,2680,3.787991
59,3078,3.504257
46,2265,3.142638
66,2200,3.590586
56,3109,2.405005
60,568,3.728256
3,1190,3.170310
11,951,2.254904
32,170,3.648693
14,6984,1.975719
56,356,2.784573
81,4378,3.237801
83,1431,3.966480
69,4338,3.355345
37,13331,2.937213
59,2192,3.285078
37,9168,2.765280
46,4987,3.459071
30,3579,3.063285
15,2181,2.642743
66,8521,2.863794
41,2376,3.432146
47,1327,3.608783
41,6527,3.332443
81,7722,2.991563
46,4384,3.527230
46,1395,2.902825
7,208,3.996285
75,434,3.499757
31,10812,3.206237
71,165,4.090373
14,7045,1.723615
55,10351,3.502402
81,5383,2.761066
44,2817,3.776029
77,2815,3.800117
60,2666,2.795913
16,2300,2.660501
48,4592,3.275489
37,488,2.660068
39,1331,3.166845
45,6603,3.769743
34,1574,2.491953
14,2029,1.944597
52,3027,3.336536
63,8413,4.294597
31,823,2.738934
3,9647,3.436978
48,3718,3.246322
65,4715,2.974000
33,10841,2.332333
27,6915,2.651271
55,10079,2.869370
6,157,3.070427
38,721,3.336024
66,12028,3.435851
28,6679,3.031505
33,2679,2.365335
70,4526,2.835458
39,2965,3.491596
22,1944,3.596484
60,1009,2.574881
42,9868,3.205367
35,421,2.660889
19,529,3.869124
73,5420,3.268061
13,7571,3.726602
40,8765,3.555943
76,1890,3.118746
58,568,4.032244
25,1384,3.172868
45,11161,3.785532
55,11074,2.737193
3,157,3.033562
42,3133,3.291126
80,3240,2.837326
60,1380,3.033134
6,3982,3.464068
64,7152,3.350094
75,2384,3.405375
57,1439,3.253513
66,5145,3.345539
5,2177,4.200519
14,7922,1.784227
19,4323,3.879367
48,854,3.622896
53,1099,3.418582
4,5511,3.177786
69,3436,3.948722
7,6485,3.759750
2,4922,3.486928
87,1678,3.235554
3,1173,3.805844
12,3243,2.491915
87,633,2.673661
87,875,2.832217
58,2620,3.835131
41,392,3.406112
6,3176,3.031096
14,1613,1.770248
87,1459,2.749127
3,5651,3.275430
57,4007,3.482202
15,3563,2.723255
28,398,2.700950
55,7602,3.315588
43,1488,3.518059
5,2147,4.417636
6,1432,2.909589
9,3466,3.524071
81,4893,2.982288
45,1652,3.692945
14,8349,1.888812
87,1726,2.612545
19,3522,4.030382
36,3064,2.520072
72,1073,3.417326
38,3155,2.653794
39,2288,3.089707
62,11453,3.771863
86,1293,3.674606
87,1640,2.681929
6,1217,2.963342
63,2042,4.462496
40,3055,3.091920
14,2894,1.717504
19,2590,3.898598
15,422,2.752651
27,3574,2.858787
71,3647,4.031977
27,2895,2.910409
41,151,3.375562
30,8808,3.407781
41,4968,3.828126
9,1043,2.809273
11,5183,2.746891
19,3775,3.825421
35,2940,2.573480
3,2731,2.629857
77,3530,3.546142
7,10296,3.699867
14,11944,2.207096
87,2329,3.114528
5,10345,4.512465
33,1318,2.730151
35,2110,2.962540
57,1208,3.959765
72,8347,3.625936
16,6032,3.277540
55,2170,3.083444
0,720,2.540406
0,11294,2.677091
60,8681,3.573861
5,9667,4.451761
33,921,2.940895
48,5918,3.176215
36,5265,2.908220
77,3364,3.903131
40,10422,3.581782
52,870,3.337607
11,6554,3.068992
46,1868,3.320515
21,3092,2.902839
7,8593,4.255865
3,404,3.340142
35,6708,2.836992
56,4773,3.772582
14,7555,1.803180
21,4564,2.929546
5,171,4.399008
4,6501,2.801547
11,2079,2.508263
16,9780,3.397085
3,9222,3.281865
57,7846,3.524054
14,1615,1.934238
53,7201,3.527771
36,980,2.522959
27,3072,2.888180
33,1380,2.565118
13,6667,3.763788
57,2335,3.487652
28,2819,2.552370
43,12278,3.375323
40,10296,2.900525
18,3586,2.900829
61,1218,3.508879
77,2384,3.802122
57,3587,3.317572
7,4196,4.067503
14,1515,1.911281
42,2684,2.707738
46,1900,3.471583
7,9040,3.965576
14,2141,1.812612
21,1275,3.728866
17,1452,3.988924
13,11202,3.776856
40,5501,2.736623
86,5755,3.150491
60,750,2.853070
73,8966,3.031511
18,2452,3.068958
83,1575,4.119462
3,7718,3.326007
4,2552,2.906428
3,2435,2.947349
4,10422,3.347448
71,3556,3.914694
81,6105,3.156335
27,6537,3.061301
21,5383,2.767103
52,7103,3.482104
66,11271,3.722580
22,3128,3.084694
31,2272,3.184929
31,828,2.832186
46,3231,3.533839
22,5100,3.561599
2,11218,4.026387
33,2811,2.837474
41,3243,2.704375
75,9760,3.362792
73,6196,3.072834
39,1535,3.689106
40,10538,3.277104
22,2360,3.798027
4,3039,2.947479
14,8380,2.159832
57,2072,3.204457
3,11651,3.263632
83,2756,3.969465
14,5852,1.809063
43,2502,3.787792
15,100,2.691369
64,5219,2.507149
58,2610,3.475946
77,3326,3.893028
19,6791,3.741535
40,2578,3.570492
48,3309,3.372228
6,10651,3.310011
37,1532,2.620458
14,1574,1.743759
55,5991,2.667955
22,895,2.809212
9,843,2.785908
6,498,2.680117
81,892,3.092126
46,1755,3.233646
62,3026,3.389287
21,2725,3.340721
10,6936,2.895568
7,9751,4.124340
33,585,2.568027
22,2019,3.745435
58,65,3.553442
10,560,3.142085
14,6486,1.911138
3,7486,3.201365
87,1243,2.716859
60,1776,3.012560
48,4945,3.900202
60,856,2.427134
40,10290,3.245090
37,6683,3.368402
21,7674,3.299094
12,7754,2.846581
13,3478,3.741316
64,7674,2.772921
14,2917,1.755585
38,6315,2.981740
14,2368,1.900598
57,3008,3.990726
7,992,3.749988
77,935,3.755319
21,1652,3.212379
14,8432,1.796863
41,3314,3.987165
21,10351,3.716706
19,4751,3.971685
42,3350,2.873388
40,10706,3.299007
16,5694,3.467664
42,1174,2.302499
45,2496,3.708086
33,1492,2.294629
19,2867,3.823108
45,4694,4.087318
29,1572,3.340635
9,5230,2.955409
57,2727,3.351535
7,5791,3.958697
77,3290,3.637254
24,580,3.435644
18,2189,2.847445
48,1286,3.673125
81,8526,2.930362
40,2425,3.676836
3,196,3.383107
3,1040,2.872158
3,112,3.079471
59,2727,3.290002
24,3509,3.158393
46,5984,3.399176
75,252,3.558219
81,7473,3.563375
87,1399,3.001577
13,1236,3.668903
40,1331,3.271263
40,11559,3.312986
7,2685,3.977751
15,484,3.179930
27,5902,2.832568
31,1286,3.373962
14,1948,1.805108
7,6621,3.797149
30,4423,3.939699
36,8638,3.610108
5,4866,4.526848
42,3655,3.161465
57,8638,4.026712
0,3245,2.802304
60,6554,3.587455
59,2603,2.820710
24,3487,2.682416
7,951,3.547489
42,3374,2.798427
4,10018,3.539648
48,1769,3.543987
66,1140,2.972965
60,2970,3.460755
33,4608,2.933096
42,2238,3.027989
4,1198,2.884536
14,1276,1.806454
83,7029,4.216105
6,1437,2.908021
42,11564,3.346605
40,4725,3.033686
27,8521,2.663877
12,8270,3.340315
38,4488,3.059654
36,6849,3.004602
35,1920,2.660275
42,2857,2.714299
33,3253,2.447551
48,4127,3.566726
60,5535,2.535378
14,3039,1.821893
48,6486,3.401522
6,425,2.923760
40,1688,3.322223
62,1570,3.315673
60,944,2.706591
28,2399,2.912439
29,1066,3.745173
61,124,2.498933
87,707,2.846515
62,2976,3.183799
24,1327,3.412581
46,2020,3.432862
87,1390,3.019542
59,6458,3.598681
5,2298,4.297933
77,291,3.718617
14,585,1.925369
22,4904,3.722677
38,5017,3.811989
55,2770,3.539608
45,2462,3.301424
6,3391,3.019321
30,1231,3.331972
55,2397,3.206288
81,1274,3.058941
83,7511,4.188422
62,5582,3.171362
14,9760,1.876485
85,1380,3.530475
3,7132,2.916013
47,6262,3.672484
11,1728,2.473057
14,2392,1.720441
13,2181,3.309340
40,4766,3.586174
61,3500,2.837952
35,103,2.543103
5,5026,4.396880
27,115,3.756604
71,1208,4.253277
51,2290,3.225075
7,7271,4.041050
14,8598,2.430910
87,2349,3.125556
4,606,2.772482
63,6155,4.070866
16,1422,3.091784
3,843,3.055933
56,1452,3.135145
81,3255,3.236211
87,9,2.694639
7,8222,3.892500
84,1098,3.133040
