Retain|20170607|0.889457735131|41049.7|44.2446|4.38542
Retain|20170608|0.97867677832|7443.12|23.106|3.19841
Retain|20170609|0.978026119868|7977.01|25.9522|4.22275
Retain|20170610|0.973758973849|10843.1|30.196|4.46958
Retain|20170611|0.970462898696|13980.4|36.9687|5.62617
Spec_Retain|20170607|0.86205236554|37609.6|51.775|7.03874
Spec_Retain|20170608|0.955663228478|11268.7|32.3227|5.609
Spec_Retain|20170609|0.950513827291|13383.9|36.8255|6.76017
Spec_Retain|20170610|0.939702204004|18298.4|46.6977|7.65651
Spec_Retain|20170611|0.969382138079|9997.1|37.2462|6.33043
Retain|20170607|0.889457735131|44.2446|4.38542
Retain|20170608|0.97867677832|23.106|3.19841
Retain|20170609|0.978026119868|25.9522|4.22275
Retain|20170610|0.973758973849|30.196|4.46958
Retain|20170611|0.970462898696|36.9687|5.62617
Spec_Retain|20170607|0.86205236554|51.775|7.03874
Spec_Retain|20170608|0.955663228478|32.3227|5.609
Spec_Retain|20170609|0.950513827291|36.8255|6.76017
Spec_Retain|20170610|0.939702204004|46.6977|7.65651
Spec_Retain|20170611|0.969382138079|37.2462|6.33043
